Loss,PredLoss,Set,Idx,SuperZone,TestYear
0.1036997644913773,0.09282253768242892,Train,T140808-2021,C,2019
0.0392523364485981,0.03438781885699206,Train,T150603-2021,C,2019
0.7241379310344828,0.5232570331095351,Train,T160414-2021,C,2019
0.0041677520187548,0.0073902173672271265,Train,T140509-2022,C,2019
0.0129236449953844,0.011801300119796377,Train,T250206-2022,C,2019
0.0021363395904049,0.021367254912182485,Train,T160616-2021,C,2019
0.0015093980494995,0.02355322257992916,Train,T180506-2022,C,2019
0.0009745869491669,0.002508824967167858,Train,T180401-2017,C,2019
0.0468563966662826,0.04421890787734018,Train,T190909-2022,C,2019
0.3288115942028985,0.29072242808505905,Train,T160412-2021,C,2019
0.0087092161705446,0.00012317000504011332,Train,T720704-2022,C,2019
0.198090692124105,0.15849682717664593,Train,T150306-2017,C,2019
0.0109681114896465,0.008848290775621149,Train,T700715-2016,C,2019
0.0566698477366224,0.04351749173253147,Train,T160621-2016,C,2019
0.0616391323666033,0.040191919617148804,Train,T720408-2017,C,2019
0.0095465393794749,0.030588026136818727,Train,T140203-2022,C,2019
0.0041475972540045,0.01648081661324879,Train,T180108-2021,C,2019
0.0224666510648256,0.025441834934759353,Train,T240608-2018,C,2019
0.0482154911015632,0.036502544011745894,Train,T720912-2021,C,2019
0.0950191570881226,0.09710412875258909,Train,T150204-2021,C,2019
0.0256191995239787,0.01456550804265904,Train,T180611-2016,C,2019
0.0125977082596657,0.0027299572879886476,Train,T760110-2020,C,2019
0.2487508922198429,0.3054582174405097,Train,T200602-2017,C,2019
0.0296850556948187,0.013051497605031537,Train,T160304-2016,C,2019
0.1472137510396451,0.12740396157862566,Train,T150103-2022,C,2019
0.1111111111111111,0.1000086710459767,Train,T700709-2016,C,2019
0.0037216275740703,0.025320119537489864,Train,T140423-2016,C,2019
0.0248131064100524,0.033189257966879555,Train,T150612-2021,C,2019
0.0040444822710998,0.006469694493184051,Train,T140506-2017,C,2019
0.017314813299958,0.01585862558771886,Train,T720912-2017,C,2019
0.144578313253012,0.09765288564434137,Train,T240503-2017,C,2019
0.0057573740955419,0.022844040533396063,Train,T180205-2021,C,2019
0.005461295692403,0.010650666374498059,Train,T150602-2017,C,2019
0.0164356699377428,0.006833813414319386,Train,T180605-2016,C,2019
0.0158675274602956,-0.0004790675799343531,Train,T141207-2016,C,2019
0.0548837209302325,0.0449645645545056,Train,T250206-2020,C,2019
0.0177614293221229,0.010795728749220287,Train,T180801-2022,C,2019
0.0049358666394645,0.004776181027494384,Train,T270401-2022,C,2019
0.0015293049587018,-0.009671289372172273,Train,T710609-2016,C,2019
0.0292207792207792,0.03948430750636914,Train,T160418-2021,C,2019
0.0025785524895479,0.003957609545656587,Train,T140207-2021,C,2019
0.023961463211501,0.02573616252917719,Train,T150605-2016,C,2019
0.0093663766292091,0.03914350757778982,Train,T160803-2021,C,2019
0.0168054729327781,0.008412380951725848,Train,T140506-2016,C,2019
0.0198939847515662,0.032303729732057695,Train,T160610-2022,C,2019
0.0186082427549752,0.007112708640639102,Train,T170604-2017,C,2019
0.0392667766542271,0.03042226396989784,Train,T720211-2021,C,2019
0.0581001256031034,0.07525531111577434,Train,T720110-2017,C,2019
0.1643067909227928,0.12609681292186234,Train,T700203-2016,C,2019
0.0291828793774319,0.030988507265979504,Train,T150202-2016,C,2019
0.0023445009729679,-0.0006653449991255486,Train,T170501-2017,C,2019
0.0165954625119324,0.03027445778863333,Train,T720904-2017,C,2019
0.0527295285359801,0.0336713058627413,Train,T700714-2018,C,2019
0.0125834401927063,0.011931201440234285,Train,T250113-2018,C,2019
0.0175178399829537,0.022359975254970448,Train,T711004-2016,C,2019
0.3814133776326593,0.3266988018146427,Train,T160401-2022,C,2019
0.0055058499655884,0.03184215562858354,Train,T270306-2020,C,2019
0.0033953869570307,0.025363122593089624,Train,T150505-2022,C,2019
0.0183138272156356,0.035362836857587225,Train,T180602-2021,C,2019
0.0013484358144552,0.010464041971892874,Train,T140809-2022,C,2019
0.02357660866264,0.06200092566704538,Train,T170103-2022,C,2019
0.0289996212736027,0.014240367252643434,Train,T150614-2016,C,2019
0.2555147058823529,0.1757097607498443,Train,T140813-2016,C,2019
0.0002706634638156,0.00405163301406514,Train,T180602-2017,C,2019
0.0036896935629285,0.002323755719682575,Train,T710512-2022,C,2019
0.0120931755618909,0.02157605238285934,Train,T720909-2021,C,2019
0.0060536177572787,0.006392464376734073,Train,T250302-2015,C,2019
0.0097094448624899,0.006019508877547376,Train,T730503-2017,C,2019
0.0116301523769398,0.02186309366045734,Train,T150610-2017,C,2019
0.0026470420848809,0.0034454550387605135,Train,T720709-2017,C,2019
0.276420044227207,0.22254860303521562,Train,T760106-2016,C,2019
0.1433968330520054,0.13070877721796173,Train,T720409-2017,C,2019
0.0047628497717801,0.005505071864737908,Train,T270609-2020,C,2019
0.0035527712355798,0.023965249540640426,Train,T250203-2020,C,2019
0.0731682820268166,0.061077144985133176,Train,T180702-2016,C,2019
0.0290069471638457,0.024457617971252055,Train,T160118-2016,C,2019
0.0077858880778588,0.010830303032589597,Train,T140502-2016,C,2019
0.0082793582860454,0.011859985270245437,Train,T150201-2016,C,2019
0.0066688896298766,0.030596995230532345,Train,T170407-2021,C,2019
0.0646916094801295,0.07726597762125753,Train,T720108-2017,C,2019
0.0261604721646195,0.033637545126105894,Train,T711006-2017,C,2019
0.0021654473994781,0.0024970321169083534,Train,T760507-2017,C,2019
0.1219690379371812,0.09911634203727256,Train,T720208-2021,C,2019
0.009152682842441,-0.003132363080494922,Train,T730514-2017,C,2019
0.0192439862542955,0.02152317755120092,Train,T150607-2016,C,2019
0.0114816839803171,0.024867905142011097,Train,T190105-2022,C,2019
0.0114183182448413,0.020184926761999927,Train,T141210-2017,C,2019
0.01393609789259,0.02103065911840883,Train,T150107-2017,C,2019
0.0058930578375564,0.01595824757419464,Train,T720907-2020,C,2019
0.049169776608998,0.043483518083936024,Train,T150609-2017,C,2019
0.0355029585798816,0.03009654978325964,Train,T760303-2016,C,2019
0.5718671504325984,0.43343128896582567,Train,T160411-2021,C,2019
0.0236653824986241,0.05549511242677286,Train,T700602-2017,C,2019
0.5122602739726028,0.4538376470833128,Train,T170205-2022,C,2019
0.2935461485079805,0.3054836081582001,Train,T150406-2022,C,2019
0.0215633423180593,0.037678873081142254,Train,T700114-2016,C,2019
0.0367192933287661,0.03252601458532464,Train,T760105-2021,C,2019
0.0247150938137884,0.002219148394019803,Train,T720112-2022,C,2019
0.0025891364151248,-0.003917219961270295,Train,T710610-2022,C,2019
0.0021066525250863,-0.002479011746187306,Train,T720203-2022,C,2019
0.057952287429146,0.04225630085838356,Train,T720120-2021,C,2019
0.0051840331778123,0.026598571791909054,Train,T191009-2021,C,2019
0.0675386633976921,0.035869685325023534,Train,T141208-2017,C,2019
0.0004929765629082,0.019015919829368896,Train,T180506-2021,C,2019
0.6792181661396953,0.5438544823777874,Train,T150206-2022,C,2019
0.0351097178683385,0.03205653495365618,Train,T150105-2022,C,2019
0.0177571794496162,0.029836346100381335,Train,T720118-2017,C,2019
0.0241240666283744,0.012001958710918447,Train,T140421-2021,C,2019
0.0188946553122286,0.010320427046135852,Train,T140205-2022,C,2019
0.0044270323212536,-0.0007000429862734557,Train,T720703-2020,C,2019
0.0573132350505217,0.04278769021200051,Train,T720105-2021,C,2019
0.0020629615876552,-0.004142182951927407,Train,T711001-2017,C,2019
0.0023826502218417,0.028275741741441308,Train,T720507-2021,C,2019
0.0136941636778611,0.017598235952827532,Train,T180404-2022,C,2019
0.0525277138406878,0.02998345708222238,Train,T270801-2020,C,2019
0.2138283992106233,0.1275525417747779,Train,T720903-2020,C,2019
0.0919864559819413,0.08304113943653597,Train,T200602-2015,C,2019
0.0075616150222235,0.009698648309274822,Train,T720209-2022,C,2019
0.0107872729296116,0.0176289815066036,Train,T180311-2016,C,2019
0.8409934613406629,0.5562607945508795,Train,T140709-2022,C,2019
0.0727136431784108,0.05703007245116252,Train,T140505-2022,C,2019
0.0051881894110675,0.0017154336232109702,Train,T180108-2017,C,2019
0.0399129172714078,0.025273306690694445,Train,T191003-2018,C,2019
0.3286159029041524,0.2922739364813843,Train,T170204-2022,C,2019
0.0046332918973895,-0.007100053445022274,Train,T720702-2016,C,2019
0.390581330352152,0.3675338865832217,Train,T760709-2018,C,2019
0.0392645314353499,0.05525635076087652,Train,T150601-2017,C,2019
0.0218002812939521,0.03288799436323545,Train,T140502-2022,C,2019
0.0299515872455798,0.03139796478392316,Train,T250605-2015,C,2019
0.0095602294455066,0.028997289930436307,Train,T140420-2022,C,2019
0.0020912835775778,0.007919739171772527,Train,T730506-2017,C,2019
0.0064883731336604,0.002499953139888765,Train,T720802-2022,C,2019
0.0627390971690895,0.03479905466129513,Train,T240606-2018,C,2019
0.0096654210930555,0.02549907683631555,Train,T150615-2017,C,2019
0.0141969831410825,0.009744866751468302,Train,T270111-2015,C,2019
0.0642802155504234,0.07238554606624979,Train,T730114-2022,C,2019
0.0496894409937888,0.04873846846971407,Train,T210301-2022,C,2019
0.0099380004291409,0.006390538573076084,Train,T160302-2017,C,2019
0.0444606119396952,0.042359590429926305,Train,T180609-2021,C,2019
0.1690815583683629,0.14162139558767042,Train,T250201-2021,C,2019
0.0587726879861711,0.060478226416314125,Train,T200613-2015,C,2019
0.5172413793103449,0.4358703683670839,Train,T230108-2021,C,2019
0.0005279635916307,-0.001306450683516122,Train,T170606-2017,C,2019
0.575,0.39494463859924533,Train,T711303-2021,C,2019
0.0474094141550965,0.04309219343329459,Train,T760708-2016,C,2019
0.0096547209949271,0.029566232663982655,Train,T141503-2022,C,2019
0.1009986809873751,0.03460844668142311,Train,T720706-2020,C,2019
0.0009349435138293,0.0006806625579466789,Train,T240304-2015,C,2019
0.0379288110696959,0.02250285657628498,Train,T100302-2022,C,2019
0.0152388797364085,0.029769503740615343,Train,T150505-2021,C,2019
0.0023510050546608,0.008694156698049632,Train,T180304-2021,C,2019
0.0068140910259706,0.03917371139132393,Train,T150409-2021,C,2019
0.0129940331399821,-0.007998390074472513,Train,T140306-2016,C,2019
0.0287565215682842,0.04074569276609011,Train,T140704-2021,C,2019
0.3209934771011679,0.22021052494151303,Train,T720104-2017,C,2019
0.0101995805095605,0.03507483715677852,Train,T190702-2021,C,2019
0.0118667662394789,0.02479891198375493,Train,T720806-2021,C,2019
0.022508038585209,0.01539629563316642,Train,T140609-2016,C,2019
0.0596230346313478,0.027644796929085228,Train,T160621-2017,C,2019
0.0063150250232866,0.00611981115625433,Train,T260107-2018,C,2019
0.0150581621513094,0.023159452945093306,Train,T760805-2017,C,2019
0.1694663317526065,0.14214010510392772,Train,T720401-2017,C,2019
0.0137280137280137,0.01421189423895964,Train,T710517-2022,C,2019
0.0214534823694834,0.02920490313451901,Train,T270603-2020,C,2019
0.0923285811269518,0.10640528045972306,Train,T200622-2017,C,2019
0.0234618195370724,0.03739910031489928,Train,T141206-2017,C,2019
0.1540474287474827,0.11241004104132883,Train,T141304-2016,C,2019
0.0003421657724734,0.0005747127842624663,Train,T180505-2017,C,2019
0.0076377523186033,0.02794455566874664,Train,T180304-2022,C,2019
0.0151020339673315,0.023507192707078996,Train,T150605-2022,C,2019
0.015090733032357,0.023196228142473987,Train,T730206-2020,C,2019
0.0255302435192458,0.03369879048660967,Train,T150208-2021,C,2019
0.011305691401007,0.03552836366726743,Train,T150503-2022,C,2019
0.0282012195121951,0.02412253671058652,Train,T710504-2022,C,2019
0.0292770690219169,0.012353093015720323,Train,T140606-2022,C,2019
0.0084653430423502,0.015431799934663301,Train,T140205-2021,C,2019
0.0011737089201877,0.015417065871892564,Train,T270608-2020,C,2019
0.0715283772378507,0.06798894189470703,Train,T150702-2021,C,2019
0.2287885838374437,0.1917290626095055,Train,T141502-2016,C,2019
0.0277223260119929,0.006469828298624073,Train,T720712-2016,C,2019
0.0126349773890479,0.03901652725041136,Train,T190704-2021,C,2019
0.2297845769591008,0.22000698706690042,Train,T150204-2022,C,2019
0.1171029441336156,0.062220237333401866,Train,T150503-2021,C,2019
0.0925925925925925,0.0842791671778285,Train,T191004-2022,C,2019
0.13607050498618,0.12489883862052235,Train,T180404-2016,C,2019
0.0284859706594502,0.034539032139590614,Train,T760607-2017,C,2019
0.0207612456747404,0.017918346994845357,Train,T140116-2016,C,2019
0.0250941028858218,0.03560775052456119,Train,T141501-2022,C,2019
0.0353120243531202,0.02664926349099094,Train,T160320-2017,C,2019
0.0051185804470226,0.00609052715695323,Train,T260405-2022,C,2019
0.0420783378234782,0.05540517148979579,Train,T180402-2016,C,2019
0.0050636024638042,0.0035056235808345122,Train,T260108-2018,C,2019
0.02152190622598,0.030747491458219638,Train,T711005-2017,C,2019
0.0238779520197007,0.039963790923160866,Train,T720412-2017,C,2019
0.0045543641185287,0.019795805395149888,Train,T720710-2017,C,2019
0.0048873201194678,-0.0034991612057776724,Train,T170401-2020,C,2019
0.0051355332029672,0.012871111422873388,Train,T150608-2017,C,2019
0.0612959719789842,0.05083420562360235,Train,T150306-2016,C,2019
0.054418449730957,0.05779911663382619,Train,T150413-2022,C,2019
0.0148775699969005,0.010365071221584771,Train,T140902-2022,C,2019
0.0974109138077446,0.06624623975668618,Train,T720209-2017,C,2019
0.0385829533497018,0.027235223172806102,Train,T720702-2017,C,2019
0.1221614627570179,0.10538555041060646,Train,T150204-2017,C,2019
0.0159620362381363,0.03226723305104273,Train,T150603-2022,C,2019
0.0017197397460517,0.00575790271509399,Train,T720714-2022,C,2019
0.0106177401201928,0.02293301471997371,Train,T160124-2016,C,2019
0.0332936979785969,0.02675300155297625,Train,T730316-2022,C,2019
0.0059095833743721,0.011165180102710443,Train,T250606-2018,C,2019
0.0339870527282193,0.027954774780225868,Train,T170605-2017,C,2019
0.0773395204949729,0.04526927694472958,Train,T141106-2022,C,2019
0.4923076923076923,0.4127192289318817,Train,T220906-2015,C,2019
0.023921832884097,0.014925627084576058,Train,T140806-2016,C,2019
0.109688330514617,0.08536624722106206,Train,T140811-2021,C,2019
0.0112874412021993,0.0060231034858919804,Train,T720711-2020,C,2019
0.0283734232580485,0.02922326159177277,Train,T190701-2021,C,2019
0.008294077321241,0.039330880215613345,Train,T190803-2022,C,2019
0.0129752759401839,0.035559639012962045,Train,T180307-2016,C,2019
0.1841036575151536,0.137397726103576,Train,T720901-2021,C,2019
0.0051216389244558,0.01574381767756887,Train,T140110-2016,C,2019
0.2247191011235955,0.17556998225211506,Train,T160115-2016,C,2019
0.0536563134270618,0.07876449014523768,Train,T190804-2022,C,2019
0.0027353023756101,0.011667528746398521,Train,T150604-2017,C,2019
0.0240610911103291,0.0035744579713217197,Train,T160606-2021,C,2019
0.0155071123967435,0.023660672762546898,Train,T141505-2021,C,2019
0.0486257653454192,0.043275730096671045,Train,T710612-2016,C,2019
0.2063492063492063,0.15795586082487506,Train,T730102-2022,C,2019
0.0325732899022801,0.034285217966553184,Train,T270804-2022,C,2019
0.0296662546353522,0.0219805058884121,Train,T770206-2016,C,2019
0.0071182860491525,0.02750532774534413,Train,T160103-2021,C,2019
0.0085728039883321,0.015438825227017415,Train,T140107-2022,C,2019
0.0237696668706474,0.01132137757610244,Train,T720712-2020,C,2019
0.0177012907191149,0.0330223372299512,Train,T140814-2016,C,2019
0.0071428571428571,0.021220491278437923,Train,T160418-2022,C,2019
0.0132010426301185,0.0008452551827540036,Train,T141408-2022,C,2019
0.12,0.0857200569132383,Train,T191005-2022,C,2019
0.0075795856493178,0.028159996065050534,Train,T150203-2016,C,2019
0.0260972737765445,0.02001133451792355,Train,T720214-2022,C,2019
0.1206924979389942,0.0824573881121138,Train,T150506-2021,C,2019
0.0214583333333333,0.0057770372150587205,Train,T710612-2021,C,2019
0.0740117746005046,0.05738829757094936,Train,T711101-2020,C,2019
0.0145419292292777,0.003764967251596036,Train,T141301-2016,C,2019
0.0819544293637256,0.05934237085852531,Train,T190701-2016,C,2019
0.1257811461241856,0.10312557723108375,Train,T160609-2016,C,2019
0.0011796090808273,0.010182572392939146,Train,T180608-2016,C,2019
0.0059364796675571,0.0002445487636480552,Train,T720604-2021,C,2019
0.087955886896148,0.09641431085238716,Train,T720107-2017,C,2019
0.0327566902854933,0.0313533503633661,Train,T760120-2017,C,2019
0.0035688793718772,0.023682919656879017,Train,T140422-2022,C,2019
0.0241095082227605,0.022264617399506175,Train,T140204-2022,C,2019
0.0306322751653517,0.03226710062035682,Train,T150109-2017,C,2019
0.0227404338134385,0.02169331912941722,Train,T160607-2021,C,2019
0.0044682752457551,0.02144720722453473,Train,T160112-2022,C,2019
0.0073408638361519,0.025947753249547297,Train,T141507-2016,C,2019
0.0176137019835454,0.02665579194598768,Train,T720705-2017,C,2019
0.007759035981211,0.028453300943637513,Train,T720120-2017,C,2019
0.0756115641215715,0.08119184590034868,Train,T141511-2021,C,2019
0.007742062299958,0.002050767222305125,Train,T720803-2022,C,2019
0.0277169964171475,0.00977524775112425,Train,T180106-2021,C,2019
0.014791747761775,0.012190576382707922,Train,T730509-2020,C,2019
0.0019552635695291,0.002794101220741645,Train,T720406-2017,C,2019
0.0636942675159235,0.05684326594381008,Train,T101104-2022,C,2019
0.0449802087081684,0.02722173350415422,Train,T170504-2017,C,2019
0.0092790863668807,0.018969645821736315,Train,T150403-2021,C,2019
0.0752427184466019,0.04870744855455121,Train,T730207-2022,C,2019
0.0045769320987603,0.010247058575687489,Train,T240601-2015,C,2019
0.2146551724137931,0.1693371380642405,Train,T140803-2021,C,2019
0.0944231149955116,0.1128021758114284,Train,T170603-2022,C,2019
0.0092710786127376,0.011957558682788577,Train,T130605-2022,C,2019
0.0638360333153609,0.08931321695749903,Train,T720907-2021,C,2019
0.2926159422272424,0.21317211943656714,Train,T720903-2021,C,2019
0.0053317591949043,0.004062139217134796,Train,T190107-2022,C,2019
0.0326708412741628,0.017177526734235168,Train,T140804-2021,C,2019
0.1381847601106659,0.11130722505880139,Train,T190605-2021,C,2019
0.006006006006006,0.005012407748578087,Train,T730313-2022,C,2019
0.0293093093093093,0.026752735645103557,Train,T191002-2022,C,2019
0.2768895348837209,0.2167071353546864,Train,T180403-2021,C,2019
0.0370719405435635,0.04320773459434066,Train,T170609-2016,C,2019
0.2102962962962963,0.16497167294395748,Train,T150408-2021,C,2019
0.0447576656775469,0.039957236732127144,Train,T140713-2021,C,2019
0.0180023228803716,0.025053237786655063,Train,T150406-2016,C,2019
0.2025793979491608,0.11773563483560383,Train,T150607-2017,C,2019
0.1294033069734004,0.09444663026388168,Train,T170503-2017,C,2019
0.0698780235683274,0.06954731009579554,Train,T141510-2022,C,2019
0.0942369290455757,0.07183545311075094,Train,T150606-2021,C,2019
0.1318242757804366,0.09035109456257413,Train,T720201-2021,C,2019
0.0048657893648441,0.001965641945710972,Train,T141210-2016,C,2019
0.0085691728921941,0.0035746099504191673,Train,T700801-2017,C,2019
0.0205119160813422,0.029455078923018782,Train,T760107-2017,C,2019
0.3864583333333333,0.3143148215635142,Train,T760701-2016,C,2019
0.0296390555811329,0.038270820349842,Train,T760507-2016,C,2019
0.0712957222566646,0.05368501813192064,Train,T270302-2020,C,2019
0.0129995361124442,0.024301371017544173,Train,T760105-2017,C,2019
0.3149908592321755,0.26795254133036145,Train,T150414-2021,C,2019
0.0017489397053036,-0.0019590588868326885,Train,T180703-2022,C,2019
0.0278682272873947,0.024204672744719265,Train,T170406-2021,C,2019
0.0058141089819844,0.024323382060593535,Train,T720401-2016,C,2019
0.0010794985944928,0.00785641293335861,Train,T150606-2017,C,2019
0.0337112622826908,0.017931584177590047,Train,T160111-2016,C,2019
0.0025851672097391,0.010661716311509948,Train,T720203-2017,C,2019
0.1047456177853783,0.06387808305412407,Train,T150610-2022,C,2019
0.3832896215811165,0.3505537491079202,Train,T150205-2022,C,2019
0.0515364142269537,0.03658424339449054,Train,T250206-2015,C,2019
0.0093472503505218,0.015597980605784408,Train,T250602-2015,C,2019
0.0056674755305115,0.003455507156548796,Train,T170606-2022,C,2019
0.0566795820947371,0.03917170669273758,Train,T190302-2017,C,2019
0.1888888888888888,0.13599634144109088,Train,T150114-2017,C,2019
0.2187926662765749,0.16130929951317005,Train,T720413-2017,C,2019
0.0072259365656138,-0.005931322359596761,Train,T270307-2017,C,2019
0.0852680289496368,0.06426872134495266,Train,T720801-2021,C,2019
0.0148017744312366,0.0003967113692534616,Train,T250806-2015,C,2019
0.0050838774603033,0.008107950761631564,Train,T170502-2017,C,2019
0.0758080402827785,0.07582300451356537,Train,T160509-2021,C,2019
0.0387858347386172,0.032369462247852865,Train,T140501-2016,C,2019
0.5182926829268293,0.4340545553699487,Train,T770805-2021,C,2019
0.0042105735924052,0.009448782118974234,Train,T710104-2016,C,2019
0.0249175522169292,0.016700209779750445,Train,T250604-2015,C,2019
0.0125923120838258,0.01253905927172926,Train,T170608-2022,C,2019
0.0133304450702347,0.02510560270882594,Train,T141508-2022,C,2019
0.0028673842532556,-0.002521882793325729,Train,T180403-2017,C,2019
0.0014647570829621,0.015003402276830244,Train,T170607-2017,C,2019
0.0429315070358498,0.025106325512743395,Train,T720213-2021,C,2019
0.0049480455220188,0.040160414581059234,Train,T150501-2021,C,2019
0.0099202412602674,0.0070909657832053385,Train,T140410-2016,C,2019
0.0126457539695721,0.020840886231440554,Train,T150415-2022,C,2019
0.2937293729372937,0.2713493818146045,Train,T700104-2016,C,2019
0.071262725486694,0.050231111041978006,Train,T170401-2021,C,2019
0.0020366241199501,0.008894000690757159,Train,T180507-2016,C,2019
0.0057335504437768,0.01007125145513255,Train,T140809-2016,C,2019
0.0699912510936133,0.058816357512711415,Train,T141605-2016,C,2019
0.0110704893156277,0.009368849052576692,Train,T190108-2022,C,2019
0.0022774337876081,-0.0003438611342594416,Train,T170602-2016,C,2019
0.1491331367813029,0.11764714442853604,Train,T180403-2016,C,2019
0.0042669504607051,0.017675369879927415,Train,T170602-2022,C,2019
0.0015783179291894,0.027357945884824868,Train,T170108-2021,C,2019
0.0402521647518365,0.028805882758270406,Train,T250205-2015,C,2019
0.0076711760742238,0.006850295164916643,Train,T721002-2022,C,2019
0.0193861066235864,0.008340787495072888,Train,T250209-2021,C,2019
0.0502235342736075,0.05071845578045774,Train,T760205-2017,C,2019
0.0122199592668024,0.008259510364811491,Train,T270307-2020,C,2019
0.1007860262008733,0.06819115094210501,Train,T720112-2021,C,2019
0.0062480313537573,0.012872189240608142,Train,T720411-2016,C,2019
0.10062287411029,0.0761635227285304,Train,T720913-2021,C,2019
0.1419051352410819,0.11195380019458262,Train,T730314-2021,C,2019
0.0049598166284937,0.0187402731856872,Train,T760618-2017,C,2019
0.0031123045761725,0.006315189819593888,Train,T180402-2017,C,2019
0.0359481995212752,0.039858492233494844,Train,T160103-2016,C,2019
0.0154749055063582,0.0022264864063964943,Train,T190203-2018,C,2019
0.1188756083441865,0.09310787641710515,Train,T720805-2021,C,2019
0.043230944254835,0.03509023722621259,Train,T140601-2022,C,2019
0.3719647595456258,0.31718142848692316,Train,T160411-2017,C,2019
0.0013708019191226,0.009783888320523923,Train,T150610-2016,C,2019
0.012103794394297,0.011919113963170549,Train,T170601-2017,C,2019
0.0013753967876461,0.013899406685275591,Train,T720202-2022,C,2019
0.0331288343558282,0.032776134076680306,Train,T150412-2022,C,2019
0.116,0.09159411445244735,Train,T140808-2016,C,2019
0.1239859043957851,0.11187982218256046,Train,T180405-2021,C,2019
0.0154522590698882,0.027751992885209367,Train,T240605-2015,C,2019
0.0085777531820697,0.006636343188335126,Train,T240601-2017,C,2019
0.449083121959333,0.39766719594786354,Train,T160705-2022,C,2019
0.009537198035876,0.016059236928820348,Train,T150705-2021,C,2019
0.6491116429493355,0.49776499009047454,Train,T700201-2016,C,2019
0.0257139116937519,0.016238205367904157,Train,T150506-2016,C,2019
0.0038663147328896,0.021506885990915426,Train,T180504-2016,C,2019
0.0569570476852162,0.11552093787953843,Train,T200607-2017,C,2019
0.0214333556597454,0.05435332390306459,Train,T700110-2016,C,2019
0.0038192303705199,0.012955745510794833,Train,T760609-2017,C,2019
0.1759063161828827,0.1363376046074446,Train,T140713-2022,C,2019
0.1300593226702711,0.10632951935224505,Train,T150614-2022,C,2019
0.0050555204477746,0.003563330264907537,Train,T240607-2018,C,2019
0.026330376940133,0.046362298136015535,Train,T170404-2021,C,2019
0.1132134973194575,0.08134256850031049,Train,T140704-2022,C,2019
0.0030660861543547,0.018487258821831904,Train,T180503-2017,C,2019
0.0223704718558594,0.01245230820736813,Train,T720113-2022,C,2019
0.0011817868913243,0.0025246803052592,Train,T140302-2022,C,2019
0.0027835768963117,0.009596547985787594,Train,T140412-2022,C,2019
0.1196841414478284,0.09956431198353931,Train,T150407-2021,C,2019
0.0041386445938954,0.029637855659024204,Train,T721005-2021,C,2019
0.0217086220506973,0.028091591716508955,Train,T760615-2016,C,2019
0.0135215394700583,0.020002905358737853,Train,T760120-2021,C,2019
1.0,0.4789063730072042,Train,T710905-2021,C,2019
0.011457670273711,0.02140175196216249,Train,T700105-2016,C,2019
0.034090909090909,0.021171446860134693,Train,T150105-2016,C,2019
0.0191402855327648,0.019224399911821465,Train,T190702-2022,C,2019
0.0546187683284457,0.03916439602510344,Train,T150107-2016,C,2019
0.0058448769653398,0.004685727043969379,Train,T270306-2017,C,2019
0.0393435010963592,0.02812830587476817,Train,T150614-2017,C,2019
0.0020718088963474,0.012473798188950539,Train,T760614-2017,C,2019
0.0054749256456789,0.0043883822399772236,Train,T700801-2016,C,2019
0.0373410998067887,0.04406827413741996,Train,T720910-2021,C,2019
0.0540104187840105,0.023399472258765115,Train,T720115-2022,C,2019
0.0227705836588532,0.01605527163858729,Train,T140507-2016,C,2019
0.0970904692175463,0.07360755792094185,Train,T140109-2022,C,2019
0.100706186592401,0.06856451548896846,Train,T191004-2021,C,2019
0.0260332600930949,0.02830045156306999,Train,T140715-2016,C,2019
0.0065790826291658,0.013646143591418327,Train,T700717-2022,C,2019
0.0032742675314701,0.03745843890596225,Train,T141411-2022,C,2019
0.0147263641854823,0.013754529848298301,Train,T140423-2017,C,2019
0.0271301000449142,0.034292183432486495,Train,T150604-2021,C,2019
0.0048962641692706,0.004782290538283348,Train,T180606-2022,C,2019
0.1122531782526372,0.082134639109301,Train,T141507-2022,C,2019
0.0068228984051474,0.0015578788482818184,Train,T150615-2016,C,2019
0.00157194888651,-0.0031305434581188987,Train,T700802-2016,C,2019
0.0041873592000468,-0.0030867797858871006,Train,T180503-2016,C,2019
0.0112267896781748,0.012340534955822671,Train,T140202-2022,C,2019
0.0584592779177162,0.042359852004842505,Train,T150412-2021,C,2019
0.0679949287115669,0.024508664998131584,Train,T130606-2022,C,2019
0.0101867572156196,0.00011717411730006544,Train,T190205-2018,C,2019
0.0622555099704226,0.0482253188269866,Train,T160604-2021,C,2019
0.0183789744532255,0.011367403728113866,Train,T260405-2018,C,2019
0.1660841982329345,0.14639031379381906,Train,T150306-2021,C,2019
0.025479930191972,0.03502702273275928,Train,T150402-2021,C,2019
0.037250351012923,0.028374712750683564,Train,T250212-2015,C,2019
0.0066848111540848,0.002828431051904615,Train,T720408-2016,C,2019
0.0023667901965058,0.014592000643423636,Train,T180602-2016,C,2019
0.2006141248720573,0.18859056242814115,Train,T150205-2021,C,2019
0.0010749948668995,0.0066894823954958115,Train,T180103-2017,C,2019
0.0007119502631546,0.019834555484219987,Train,T141210-2022,C,2019
0.0363391655450874,0.05048150752202321,Train,T150401-2021,C,2019
0.0041507024265644,-0.006498172499376613,Train,T180801-2017,C,2019
0.0013989016469914,0.004730421274543252,Train,T720501-2021,C,2019
0.3772195755738415,0.2896657726079575,Train,T270610-2020,C,2019
0.4061393152302243,0.3957405481876905,Train,T200620-2017,C,2019
0.0032110091743119,0.02321177758714273,Train,T140609-2022,C,2019
0.0044133343601691,-0.0029194857118540066,Train,T170608-2017,C,2019
0.0033404190707561,0.027169746430469384,Train,T160123-2021,C,2019
0.0054682159945317,0.026256797353926067,Train,T140610-2022,C,2019
0.0068317677198975,0.008142500195716875,Train,T100302-2015,C,2019
0.0137053899527889,0.012737050983249619,Train,T180107-2022,C,2019
0.4166666666666667,0.3582559804067236,Train,T150114-2016,C,2019
0.0057605480305153,0.011186080313214376,Train,T150201-2017,C,2019
0.0208673643396937,0.021397968399209103,Train,T760108-2017,C,2019
0.0092923573326584,0.0025386354242999637,Train,T140417-2017,C,2019
0.000963695728641,-0.0031243408923038816,Train,T720208-2022,C,2019
0.0061603118486753,0.022261465652557738,Train,T140207-2022,C,2019
0.0110451697988789,0.011124089676045583,Train,T140905-2022,C,2019
0.0052648897663705,0.005188965708222647,Train,T250209-2015,C,2019
0.0591435346631329,0.02638984210238014,Train,T240305-2015,C,2019
0.0131906277118889,0.032989475253829295,Train,T180105-2016,C,2019
0.0368344425001492,0.02595184386495063,Train,T720113-2017,C,2019
0.0018412815319462,-0.01028997601100682,Train,T140401-2022,C,2019
0.000871563316896,0.01734807710879498,Train,T721001-2021,C,2019
0.005207143350531,0.021427791851492684,Train,T170108-2017,C,2019
0.0102534980202861,0.03226120967376696,Train,T760506-2017,C,2019
0.0165432625286756,0.02485220562710166,Train,T250105-2018,C,2019
0.0034177647818326,0.0006096401560318479,Train,T700512-2016,C,2019
0.0208284485662291,0.03156413091414359,Train,T170108-2016,C,2019
0.1256679066621576,0.08762133936083648,Train,T720804-2021,C,2019
0.276797829036635,0.2279083324301769,Train,T250201-2020,C,2019
0.0122788213354753,0.02457588291070034,Train,T720714-2020,C,2019
0.0839024390243902,0.06797978244112579,Train,T700705-2016,C,2019
0.0010149708195889,0.006389700485381648,Train,T250806-2022,C,2019
0.0065600058311162,0.004295938049107308,Train,T141110-2022,C,2019
0.0043424328251353,0.0015114895381986965,Train,T270302-2017,C,2019
0.0087246454728522,0.004925991051788275,Train,T700115-2022,C,2019
0.3477972838688307,0.2727206040255407,Train,T190603-2022,C,2019
0.0182242571146422,0.010809822276586245,Train,T160118-2022,C,2019
0.1101806963420008,0.12315763918116861,Train,T760708-2018,C,2019
0.0380469245402663,0.030055930794600446,Train,T100305-2015,C,2019
0.393227316713,0.30717262337083484,Train,T140708-2021,C,2019
0.0072970195272353,0.020832024437667764,Train,T720404-2017,C,2019
0.0546727595793579,0.05239913847549761,Train,T720205-2021,C,2019
0.0117653843935636,0.02665446309382547,Train,T720407-2017,C,2019
0.0896278311013316,0.08170898448487768,Train,T140707-2022,C,2019
0.0386242162956112,0.03552551735132183,Train,T180406-2021,C,2019
0.0287316047652417,0.04944568746352065,Train,T150601-2021,C,2019
0.0250746268656716,-0.001770735957998371,Train,T160303-2017,C,2019
0.005904216535363,0.012155915121670325,Train,T720703-2017,C,2019
0.0538066532708193,0.03983284765389652,Train,T700714-2020,C,2019
0.0527944549046542,0.03982376820021091,Train,T160502-2021,C,2019
0.0059027777777777,0.017459440825468638,Train,T141512-2022,C,2019
0.0089591399225674,0.024379775908061174,Train,T180105-2021,C,2019
0.0103305785123966,0.03291168251534339,Train,T270101-2020,C,2019
0.0088479595521849,0.03583619163663276,Train,T720901-2020,C,2019
0.0027353262344419,-0.0027240065876316735,Train,T710902-2022,C,2019
0.0485380116959064,0.03055805962942647,Train,T730213-2022,C,2019
0.0056014150943396,0.01705015338817021,Train,T200614-2017,C,2019
0.0021311977895717,0.0364704965767999,Train,T720601-2021,C,2019
0.1361867704280155,0.10010664379923152,Train,T720710-2021,C,2019
0.0016058945777441,0.0031554648469826778,Train,T140417-2022,C,2019
0.0368672046955245,0.03857511349812433,Train,T150603-2017,C,2019
0.0734319224885262,0.0800973542067912,Train,T150506-2022,C,2019
0.0146607569041936,0.0032630387156953895,Train,T240117-2022,C,2019
0.0030071552606053,0.025487894049546076,Train,T720505-2022,C,2019
0.0123253903040262,0.01961173358580323,Train,T720802-2021,C,2019
0.0238592738603498,0.04798118241606637,Train,T720402-2017,C,2019
0.636085626911315,0.5439435228926963,Train,T141505-2016,C,2019
0.1216851292379993,0.09624062920782786,Train,T141302-2016,C,2019
0.2371541501976284,0.20910556590231894,Train,T190207-2018,C,2019
0.0136220334351587,0.020127968799066476,Train,T141404-2022,C,2019
0.0618231046931407,0.05342581861989264,Train,T161004-2017,C,2019
0.0246036294173829,0.01962910695011025,Train,T180306-2016,C,2019
0.1307300509337861,0.12391211563981562,Train,T150611-2022,C,2019
0.4756554307116105,0.41381211265305484,Train,T150101-2016,C,2019
0.0241734038838602,0.0170535462743367,Train,T140407-2016,C,2019
0.0041327336817795,0.01280088494425116,Train,T720604-2022,C,2019
0.1431533095255746,0.10077344964919564,Train,T140308-2016,C,2019
0.0204545454545454,0.02186481491076442,Train,T140419-2022,C,2019
0.0107473387335821,0.004965585400085859,Train,T140305-2016,C,2019
0.0490546755237608,0.0446546001573528,Train,T150409-2017,C,2019
0.0492272467086433,0.05057084831190263,Train,T150303-2022,C,2019
0.0917229386203375,0.06693183410704599,Train,T150613-2017,C,2019
0.3617097428444377,0.35644210115339686,Train,T200608-2017,C,2019
0.0245501933748108,0.02730986812733109,Train,T250603-2015,C,2019
0.1065573770491803,0.09513675896928661,Train,T700603-2016,C,2019
0.0094016993571588,-0.013694191408590997,Train,T160602-2016,C,2019
0.0010147879981023,0.008464011001859954,Train,T710513-2022,C,2019
0.0014144589133363,0.02174436096356048,Train,T180204-2017,C,2019
0.0217312567910177,0.026179223185385073,Train,T730202-2022,C,2019
0.0044100685256801,0.0004323226320298445,Train,T720117-2020,C,2019
0.0140535602803144,0.013287111794480607,Train,T140418-2016,C,2019
0.0475896168108776,0.032398802306480595,Train,T711102-2020,C,2019
0.0176523990450892,0.008501582686279565,Train,T710603-2015,C,2019
0.0013323642603946,0.013688440773582496,Train,T700711-2016,C,2019
0.0160740262488848,0.027042151840620282,Train,T170106-2017,C,2019
0.4454545454545454,0.37206711385490715,Train,T161003-2021,C,2019
0.0131564642356882,0.004531863763632652,Train,T720801-2022,C,2019
0.1187707641196013,0.09536619528062677,Train,T191010-2021,C,2019
0.1826912195043086,0.12397432184801531,Train,T760111-2017,C,2019
0.1707679217648458,0.15835467985825014,Train,T180405-2016,C,2019
0.1785714285714285,0.12321255895972721,Train,T160417-2016,C,2019
0.0588235294117647,0.05076484064650105,Train,T150113-2021,C,2019
0.0062256809338521,0.011290016786501787,Train,T240702-2022,C,2019
0.1318713521697721,0.11551774275738322,Train,T210105-2022,C,2019
0.0465772759350741,0.028964027176467875,Train,T710106-2022,C,2019
0.001418860605582,-0.010052169245812616,Train,T170102-2016,C,2019
0.0101269767079535,-0.0026943638296872234,Train,T721006-2021,C,2019
0.0075344357963327,0.04781712745291922,Train,T720103-2017,C,2019
0.059934977017739,0.052497169584287434,Train,T140210-2021,C,2019
0.0015967649542027,0.00941759570250274,Train,T730512-2017,C,2019
0.0063246661981728,0.021704994184693304,Train,T150406-2021,C,2019
0.2109936885366211,0.17766745369715434,Train,T190603-2021,C,2019
0.1540269015152917,0.11760159390683252,Train,T180206-2017,C,2019
0.0670936261055199,0.058353800311021976,Train,T700712-2016,C,2019
0.0226290778387651,0.03197857965548589,Train,T150402-2017,C,2019
0.0135224654030137,0.013880988849819705,Train,T720709-2021,C,2019
0.1638726525461603,0.11532053909714055,Train,T760611-2017,C,2019
0.0184933327682592,0.025851825060354612,Train,T270605-2020,C,2019
0.0030696968694274,0.0031504988337190155,Train,T180501-2022,C,2019
0.015409210855789,0.015674024430717137,Train,T150307-2022,C,2019
0.0231504926714221,0.01769434199251049,Train,T760608-2017,C,2019
0.0041088450350176,0.019499494685468202,Train,T160508-2021,C,2019
0.103223185382502,0.0857611469302503,Train,T720411-2017,C,2019
0.0068812947975363,0.009314612140589505,Train,T160607-2022,C,2019
0.125,0.11059312917478327,Train,T160403-2021,C,2019
0.0560928433268858,0.06162908166894827,Train,T200605-2017,C,2019
0.0143344979818721,0.04468491180884769,Train,T150608-2021,C,2019
0.0221739130434782,0.04748080751897307,Train,T140816-2022,C,2019
0.0032072511765731,-0.0033482762156485323,Train,T270802-2022,C,2019
0.0072910824453168,0.017783015332542486,Train,T730511-2021,C,2019
0.0067529781688877,0.0042496674882915595,Train,T700115-2020,C,2019
0.0053383157613772,-0.006446866728635718,Train,T240701-2018,C,2019
0.0716545439796663,0.08479486855669742,Train,T170106-2022,C,2019
0.0035922472772398,0.014202839669383665,Train,T270703-2020,C,2019
0.0135126004999662,-0.0005566443105605798,Train,T730208-2022,C,2019
0.009441384736428,-0.0027080474008261387,Train,T161001-2017,C,2019
0.1239415671847799,0.10191922576559502,Train,T141214-2016,C,2019
0.0266641629893906,0.014754316911343362,Train,T260305-2018,C,2019
0.6388642413487134,0.5484492553393064,Train,T150306-2022,C,2019
0.0838574819876586,0.08803418698706994,Train,T720908-2021,C,2019
0.0488013698630137,0.0418843228893064,Train,T710111-2022,C,2019
0.0722094579241043,0.05239963492135408,Train,T180207-2017,C,2019
0.2285274008467856,0.1863848069708402,Train,T710515-2022,C,2019
0.0047226709852869,0.003526777406543487,Train,T160902-2017,C,2019
0.0047967418357342,0.006128760508508773,Train,T720804-2022,C,2019
0.0129393497388603,0.009843383218644426,Train,T240604-2022,C,2019
0.0058236030632152,0.001594565112300711,Train,T180102-2021,C,2019
0.1732446076181734,0.1366932615348098,Train,T160411-2022,C,2019
0.016210779495073,0.022581623557557703,Train,T160507-2021,C,2019
0.0032569382714872,0.005845913314419044,Train,T700510-2016,C,2019
0.1897654584221748,0.1262652395597307,Train,T240602-2017,C,2019
0.0099376258701245,0.012183846270233908,Train,T270802-2021,C,2019
0.0437655819624835,0.03489029251221156,Train,T180508-2022,C,2019
0.0371844915361478,0.0279827323631918,Train,T160610-2017,C,2019
0.0018211994905497,-0.0032508179077715806,Train,T720201-2017,C,2019
0.0360081637708901,0.033730911210383914,Train,T190802-2022,C,2019
0.0264769154393513,0.020353899175496657,Train,T240303-2015,C,2019
0.0066797692910452,0.006079139766415987,Train,T720714-2021,C,2019
0.0071912882679268,0.013839507534230076,Train,T700503-2022,C,2019
0.0133725595078898,0.01653162446695866,Train,T720712-2017,C,2019
0.2901554404145077,0.24875814388310025,Train,T730124-2022,C,2019
0.0161773904790664,-0.001592533345082426,Train,T141004-2021,C,2019
0.0277726635856693,0.021251253869858672,Train,T700115-2018,C,2019
0.0651505097424142,0.08847731205301072,Train,T150304-2022,C,2019
0.0056659507955757,0.05447150379164327,Train,T141508-2016,C,2019
0.0324424147138828,0.025284073940503873,Train,T160621-2021,C,2019
0.0570085218924478,0.03736426804777383,Train,T250701-2018,C,2019
0.0089265788886409,0.01755379030490056,Train,T200616-2015,C,2019
0.0791208791208791,0.0663817711208962,Train,T710116-2016,C,2019
0.6458333333333334,0.5546995129475168,Train,T200621-2017,C,2019
0.0587823652904128,0.06060234854977144,Train,T700705-2021,C,2019
0.025990180819547,0.020518251056916972,Train,T170609-2022,C,2019
0.0874003090225211,0.06339747260455818,Train,T720911-2017,C,2019
0.1120224044808961,0.17174153126039124,Train,T200604-2017,C,2019
0.0110422145486048,0.023707860769641247,Train,T240605-2018,C,2019
0.0744216815165484,0.07229976583436983,Train,T161005-2017,C,2019
0.0868937633976179,0.07736970117746085,Train,T700116-2016,C,2019
0.0176869693391833,0.034770466080651125,Train,T720414-2017,C,2019
0.0058866813833701,0.013817311703623611,Train,T270803-2022,C,2019
0.0095557758692769,0.0026687648118287432,Train,T140613-2016,C,2019
0.0010141987829614,0.012998277090199179,Train,T190307-2016,C,2019
0.0028159098908834,-0.00880633042870446,Train,T180704-2015,C,2019
0.0165022497562511,0.02740618956219063,Train,T150412-2017,C,2019
0.0022412102535369,0.006263924527452789,Train,T720804-2020,C,2019
0.0472251867662753,0.06139960642630097,Train,T200617-2017,C,2019
0.6029411764705882,0.5063979075851941,Train,T160407-2022,C,2019
0.0082180318560798,0.011292759519125457,Train,T141305-2016,C,2019
0.0068065796937039,0.03913918100277432,Train,T150113-2016,C,2019
0.0281425891181988,0.028103718289379933,Train,T250802-2015,C,2019
0.0129879605983217,0.0114603776288454,Train,T760114-2017,C,2019
0.0039075968279508,0.05141127657178744,Train,T250202-2020,C,2019
0.0082559339525283,0.011518691870573864,Train,T160322-2016,C,2019
0.0075696718778965,0.011790023429625714,Train,T150415-2017,C,2019
0.0297888105309101,0.017171269383671674,Train,T250202-2015,C,2019
0.4293193717277487,0.38594510319762876,Train,T200611-2017,C,2019
0.0252574069774558,0.02230257651686759,Train,T180304-2016,C,2019
0.0063363994466211,-0.007227143071627737,Train,T140617-2016,C,2019
0.0239257403316326,0.01966967855140573,Train,T170107-2022,C,2019
0.0466386834565927,0.04365148826139624,Train,T200606-2015,C,2019
0.0132339055634446,0.03362170366681795,Train,T160114-2021,C,2019
0.0594843137661475,0.03244136342626731,Train,T150404-2017,C,2019
0.0043300085053738,0.010397495378295093,Train,T721006-2020,C,2019
0.0150524326403639,0.03667969185571744,Train,T140116-2021,C,2019
0.0243813682678311,0.009192444846044217,Train,T240309-2015,C,2019
0.0496578551643431,0.03159380980885677,Train,T720205-2017,C,2019
0.0077181274180728,0.003389830997077282,Train,T141506-2022,C,2019
0.0259072203516647,0.014143635739803352,Train,T150501-2022,C,2019
0.0034375928362262,-0.004895206998240863,Train,T730507-2022,C,2019
0.0172637030643072,0.017876287259466057,Train,T150206-2016,C,2019
0.0006328491660517,0.02118311119208254,Train,T721003-2021,C,2019
0.0253496713106807,0.03349876274583611,Train,T760506-2016,C,2019
0.0314765093856568,0.03863719062999756,Train,T180407-2016,C,2019
0.0208416833667334,0.02086188734526816,Train,T770201-2018,C,2019
0.0100336454630728,0.007976163761155128,Train,T720805-2022,C,2019
0.0157251226937837,0.02345385421890541,Train,T720805-2020,C,2019
0.0277645414403252,0.03068596634015839,Train,T720907-2017,C,2019
0.1276351970669111,0.10665999246891608,Train,T150613-2022,C,2019
0.0272112957111974,0.037024777878415745,Train,T130706-2021,C,2019
0.1257647858599592,0.11480911605168485,Train,T700704-2016,C,2019
0.0105038338993732,0.02319793396598558,Train,T240307-2015,C,2019
0.0034129692832764,0.01973271787075854,Train,T270403-2015,C,2019
0.0414871703337787,0.049029589888100855,Train,T150205-2016,C,2019
0.1110562609797725,0.07866268625090181,Train,T180505-2021,C,2019
0.2841282702856343,0.28126018584630197,Train,T170108-2022,C,2019
0.0003401260039297,0.005671218260909164,Train,T160621-2022,C,2019
0.093124193960184,0.07878729180704927,Train,T700717-2016,C,2019
0.1074563747338866,0.08986843725050021,Train,T130602-2022,C,2019
0.3589453051230455,0.3205754883289547,Train,T170605-2016,C,2019
0.0258870245228908,0.03138217990557107,Train,T170601-2016,C,2019
0.0749718151071025,0.09487416784290399,Train,T141503-2021,C,2019
0.0044184248315475,-0.0017184270615628243,Train,T160412-2016,C,2019
0.0075316455696202,0.012732114779757277,Train,T720111-2022,C,2019
0.1289031224979984,0.11466148896019038,Train,T700602-2016,C,2019
0.0220994475138121,0.0217238981746389,Train,T700205-2016,C,2019
0.0985930970453908,0.04847085164393884,Train,T160603-2021,C,2019
0.1224489795918367,0.06999431109991482,Train,T190301-2017,C,2019
0.0803423281809449,0.06194974226786232,Train,T140513-2022,C,2019
0.032581878045173,0.03749873068108326,Train,T270803-2020,C,2019
0.0415366025576477,0.038068187083942134,Train,T180103-2021,C,2019
0.0111238881326189,0.009956618975836072,Train,T160511-2021,C,2019
0.0109639797402049,0.01182577781056766,Train,T150501-2016,C,2019
0.0080559355525155,0.004849084284616235,Train,T140613-2022,C,2019
0.0918367346938775,0.08036484520732289,Train,T760303-2017,C,2019
0.0261780104712041,0.02405842495878222,Train,T140510-2017,C,2019
1.0,0.577109639134931,Train,T160407-2021,C,2019
0.0121762231569625,0.036924953530594856,Train,T150209-2022,C,2019
0.0095589832717792,0.008014639151656995,Train,T711002-2016,C,2019
0.002637514292476,0.013642686603284552,Train,T760209-2017,C,2019
0.0036391993761372,0.017595919327007558,Train,T250210-2021,C,2019
0.0108182503884052,-0.002230643009771039,Train,T140417-2016,C,2019
0.0551866862119513,0.04209832152152909,Train,T700713-2016,C,2019
0.0415368639667705,0.02581759452605983,Train,T200606-2017,C,2019
0.0358368280594738,0.03313849389619412,Train,T240604-2018,C,2019
0.0020717391473239,-0.000184790109277836,Train,T710903-2022,C,2019
0.0236190554431653,0.03426199701543711,Train,T150615-2021,C,2019
0.0150162800263652,0.012685686768877102,Train,T700206-2016,C,2019
0.0718562874251497,0.06811745753865218,Train,T150103-2017,C,2019
0.0249042145593869,0.028484340388097874,Train,T160112-2021,C,2019
0.0921114785073216,0.15232542984551561,Train,T150303-2016,C,2019
0.0097868602765322,0.012082548437768958,Train,T720908-2017,C,2019
0.0095596404725436,0.019900090072781002,Train,T150605-2017,C,2019
0.0414093749004582,0.03072912712106834,Train,T160604-2017,C,2019
0.0542073221582853,0.03304216605249544,Train,T730201-2020,C,2019
0.0046587205425155,0.010797275470327782,Train,T720405-2017,C,2019
0.0063356778590477,0.0316957233370505,Train,T150404-2022,C,2019
0.4098053190292209,0.3581170516774542,Train,T760408-2020,C,2019
0.022561986708274,0.00769078084439001,Train,T170102-2017,C,2019
0.1957226182760855,0.15341676044165156,Train,T200622-2015,C,2019
0.0554508672421652,0.07741712626179449,Train,T150403-2022,C,2019
0.0204441859326724,0.008281519767854068,Train,T180405-2022,C,2019
0.0682961897915169,0.07245004827700943,Train,T150304-2017,C,2019
1.0,0.5351229717920162,Train,T160408-2022,C,2019
0.1069074122140972,0.06500814259476813,Train,T150609-2016,C,2019
0.0032813781788351,0.024248447893245376,Train,T140801-2017,C,2019
0.0326408657361927,0.04207379911796259,Train,T180503-2021,C,2019
0.2432432432432432,0.18852841237637602,Train,T700601-2017,C,2019
0.1234309419704155,0.10850863877034943,Train,T190803-2021,C,2019
0.0282926249614513,0.024913609349978626,Train,T130707-2021,C,2019
0.2501788695444789,0.18829583961839483,Train,T190609-2021,C,2019
0.0500632822387849,0.04277920665406238,Train,T150107-2021,C,2019
0.0141528507885159,0.011971505983381463,Train,T140503-2022,C,2019
0.1386445220956575,0.11118736186499621,Train,T700115-2016,C,2019
0.0142925988159131,0.02769772507836911,Train,T170406-2020,C,2019
0.0151055062558802,0.0074861992446637,Train,T160616-2017,C,2019
0.103656238220882,0.10343986749345989,Train,T160414-2016,C,2019
0.0031446540880503,0.010174218456251301,Train,T140907-2022,C,2019
0.0009745828785279,-0.0011612084373297427,Train,T180508-2017,C,2019
0.0033475915938255,0.006180385074035971,Train,T720702-2021,C,2019
0.0895265002109743,0.036174691139642695,Train,T140802-2016,C,2019
0.2121016020806626,0.16312739890778644,Train,T190609-2022,C,2019
0.1160461828463713,0.08132208822855286,Train,T720707-2017,C,2019
0.0132617619197979,0.01745889751886643,Train,T140516-2022,C,2019
0.0347525998783659,0.03781024572696014,Train,T720711-2017,C,2019
0.2165432098765432,0.17616480819978916,Train,T150209-2021,C,2019
0.1035598705501618,0.0889495944297392,Train,T180701-2016,C,2019
0.1386152954808806,0.1274417895674761,Train,T150607-2021,C,2019
0.0045923053372793,0.002409355383069851,Train,T150612-2022,C,2019
0.0417961027958203,0.03254052466941998,Train,T250805-2015,C,2019
0.0049581608798408,0.004800039180724581,Train,T720805-2017,C,2019
0.0078174890428246,0.03793896062481105,Train,T760113-2017,C,2019
0.0141854823542162,0.005591878488068417,Train,T720711-2022,C,2019
0.0506800147180316,0.060022626837053006,Train,T720114-2021,C,2019
0.2796143250688705,0.24814664439832548,Train,T220904-2017,C,2019
0.0138309565926346,0.025605864828658925,Train,T190803-2016,C,2019
0.0030840491509318,0.005952621946033702,Train,T730504-2022,C,2019
0.0206607434897674,0.013080487740530658,Train,T730508-2021,C,2019
0.0057066677657286,0.02553216838040684,Train,T200616-2017,C,2019
0.0265949035539416,0.013519871136098186,Train,T180109-2021,C,2019
0.0054824561403508,0.00236212723517968,Train,T180404-2017,C,2019
0.0089416874241553,-0.0064694182523656095,Train,T250210-2017,C,2019
0.0206431272461129,0.023540388601998058,Train,T720902-2021,C,2019
0.0070677054051883,0.017024218497798872,Train,T700511-2016,C,2019
0.0052759668885729,0.0184651178923972,Train,T170607-2016,C,2019
0.7254341613541437,0.5472215995585777,Train,T760701-2018,C,2019
0.0024091160953046,0.013349255228510458,Train,T140116-2022,C,2019
0.0768563282508987,0.06034189218197644,Train,T140603-2022,C,2019
0.0365757484326945,0.034530679074242863,Train,T720913-2017,C,2019
0.0092964882515629,0.01973647118815006,Train,T240602-2020,C,2019
0.0017325103084363,0.02028247646969241,Train,T150612-2017,C,2019
0.0060072763766128,-0.003121868638906722,Train,T720210-2022,C,2019
0.0261271222168037,0.018760069240866546,Train,T720913-2022,C,2019
0.0261776841475424,0.03414464707818165,Train,T730205-2020,C,2019
0.0474649406688241,0.016623334224149737,Train,T101002-2021,C,2019
0.0037309400877897,0.007562275274385034,Train,T240703-2020,C,2019
0.3499882911459774,0.29732625523246864,Train,T140709-2021,C,2019
0.0212979035919348,0.020386029012978958,Train,T190702-2016,C,2019
0.5345236222446189,0.4501489770092152,Train,T170201-2022,C,2019
0.236180904522613,0.21270678402777546,Train,T140710-2022,C,2019
0.0047661602621388,0.01253307172818456,Train,T150411-2022,C,2019
0.3488133506600095,0.2568034569037695,Train,T200610-2015,C,2019
0.0470417070805043,0.05351440836936878,Train,T760610-2017,C,2019
0.0311740935320799,0.030688957083720186,Train,T150415-2021,C,2019
0.0552751742369622,0.03840188674123678,Train,T140408-2017,C,2019
0.1681890136504635,0.12778986640561685,Train,T760110-2017,C,2019
0.112474231649913,0.09024680701736894,Train,T190703-2016,C,2019
0.0509858093683285,0.06526376088763945,Train,T170606-2016,C,2019
0.0167004048582995,0.029008933325975025,Train,T141509-2022,C,2019
0.0061461045755803,0.012701355090253585,Train,T720503-2021,C,2019
0.0124457600322917,0.017765098880453474,Train,T160320-2021,C,2019
0.0991535671100362,0.058159337083134706,Train,T140119-2022,C,2019
0.1355450236966824,0.07394886745137418,Train,T730209-2020,C,2019
0.0364503201382912,0.038682881992498676,Train,T720208-2017,C,2019
0.0126666666666666,0.021766789608295485,Train,T191011-2022,C,2019
0.0033428844317096,0.006831756344852126,Train,T180801-2020,C,2019
0.005905853743269,0.0018172372209841504,Train,T250206-2017,C,2019
0.1013612919923595,0.10101334632192142,Train,T720105-2017,C,2019
0.0028006312952425,6.774928320602472e-05,Train,T180401-2022,C,2019
0.0036564619304579,0.009715859091595704,Train,T730514-2022,C,2019
0.3978481460772669,0.31046726774097155,Train,T160412-2022,C,2019
0.0023993711992719,0.015277209822202589,Train,T720708-2022,C,2019
0.0050564709484675,0.018412007449780537,Train,T180501-2021,C,2019
0.0100748779320593,0.019167577538441137,Train,T150205-2017,C,2019
0.3216463414634146,0.28108678089205336,Train,T190904-2022,C,2019
0.00113438950398,0.0004536074782812538,Train,T730505-2022,C,2019
0.0517844646606018,0.03657648554923942,Train,T700113-2016,C,2019
0.023067789902188,0.03649179579545408,Train,T270301-2020,C,2019
0.0708436488287945,0.0500315740658722,Train,T250201-2015,C,2019
0.000108977988081,-0.005738866292170707,Train,T720503-2022,C,2019
0.0169270203607873,0.02433455894512861,Train,T170406-2022,C,2019
0.0620155038759689,0.05593378663915502,Train,T140113-2022,C,2019
0.0082422963619473,0.018953197197088625,Train,T720117-2021,C,2019
0.0011643267741307,-0.0034650475720546512,Train,T730508-2017,C,2019
0.0252915180235344,0.04007030802683287,Train,T170405-2022,C,2019
0.0032485383607713,0.011009164108272677,Train,T720117-2022,C,2019
0.0093572671432931,0.004716612447838715,Train,T140606-2016,C,2019
0.0030134777793682,0.025619430401784406,Train,T160406-2016,C,2019
0.0014582573824279,-0.003085386307019838,Train,T700510-2020,C,2019
0.0554091798310585,0.030877713407644905,Train,T730215-2022,C,2019
0.1305686168504336,0.11138223761183344,Train,T160119-2016,C,2019
0.1339009385697863,0.10371461867987021,Train,T710111-2016,C,2019
0.005056717233839,0.020283237680634968,Train,T720109-2017,C,2019
0.0869616519174041,0.06942978853176966,Train,T180801-2021,C,2019
0.6551724137931034,0.5260115514082189,Train,T150101-2017,C,2019
0.0100586756077116,0.005532857464167137,Train,T150209-2016,C,2019
0.0065861907338882,0.0028690831303566245,Train,T711004-2021,C,2019
0.1654270325724544,0.1365296191867742,Train,T160116-2016,C,2019
0.07168458781362,0.07202428144342811,Train,T160410-2022,C,2019
0.0068406763718762,0.002223087700170911,Train,T130604-2022,C,2019
0.0187767240924552,0.006719009635355631,Train,T760206-2017,C,2019
0.0065184049079754,0.03191251767760651,Train,T141512-2021,C,2019
0.0180337405468295,0.0022003368064412894,Train,T141602-2016,C,2019
0.0019998220158405,0.00469648816435296,Train,T700718-2016,C,2019
0.0063644739172053,0.033874183923362534,Train,T720113-2021,C,2019
0.0081867674548704,0.009031687204156157,Train,T730510-2021,C,2019
0.0038321838777629,0.01576946561721086,Train,T720902-2020,C,2019
0.0163315047679546,0.02852764117052162,Train,T160117-2021,C,2019
0.3395413636443604,0.30588359786692837,Train,T160406-2022,C,2019
0.006797801562048,0.01564718051881567,Train,T710502-2022,C,2019
0.2065541211519364,0.1692500430126572,Train,T200621-2015,C,2019
0.0094465143162725,0.015297999903046946,Train,T141211-2016,C,2019
0.13203214695752,0.09213754947001591,Train,T760118-2021,C,2019
0.0377632831446472,0.04164732685100908,Train,T700716-2016,C,2019
0.005637005059212,0.015802127944786144,Train,T720901-2017,C,2019
0.0827661312278791,0.0731023277506471,Train,T180704-2016,C,2019
0.015552099533437,-0.0003536744363110345,Train,T240605-2022,C,2019
0.0419677598665925,0.06925081661589697,Train,T150113-2022,C,2019
0.006253908692933,0.01591836429037119,Train,T190211-2018,C,2019
0.0049657672420749,0.003527883691159875,Train,T700201-2020,C,2019
0.0021071421583457,0.02828318634508886,Train,T720904-2020,C,2019
0.1860133206470028,0.15880971605488156,Train,T150103-2016,C,2019
0.0098870820609156,0.016991003492063377,Train,T720902-2017,C,2019
0.0009976306272602,0.024810042631219602,Train,T180801-2016,C,2019
0.3857142857142857,0.31193903855875105,Train,T700703-2022,C,2019
0.011742992424662,0.012289034787302276,Train,T141604-2022,C,2019
0.0210480632197802,0.022753243167850056,Train,T180201-2016,C,2019
0.0131113730111962,0.01193299244346155,Train,T160104-2021,C,2019
0.0158365261813537,0.03774620916847004,Train,T150411-2021,C,2019
0.0297451274362818,0.010265817135843758,Train,T240602-2018,C,2019
0.0083798882681564,0.005334583759729121,Train,T730318-2017,C,2019
0.6729718369062632,0.56768993022589,Train,T200603-2017,C,2019
0.0126455238859895,0.014255296988168045,Train,T720410-2017,C,2019
0.0330904205512356,0.04242574438959981,Train,T720202-2021,C,2019
0.010155196529226,0.023021402880775248,Train,T170610-2022,C,2019
0.0049272739497592,0.0066761613847695685,Train,T160802-2021,C,2019
0.0954388654656956,0.08060432272794787,Train,T270804-2021,C,2019
0.1340782122905028,0.11308326994223064,Train,T200609-2017,C,2019
0.0030154530167509,0.01855187163343673,Train,T720202-2017,C,2019
0.0416174223862096,0.048566898285577545,Train,T141504-2021,C,2019
0.0097851112816577,0.017904725702364413,Train,T141505-2017,C,2019
0.0243649559357179,0.0320808736588036,Train,T141510-2021,C,2019
0.0013103214677172,0.010580653974475043,Train,T170604-2016,C,2019
0.0024394319538752,0.01897465531163691,Train,T150602-2022,C,2019
0.0594180667301267,0.06707577544828093,Train,T700202-2016,C,2019
0.0022325166043422,0.0008272716394116352,Train,T240602-2021,C,2019
0.0119374909564462,0.006105228493249584,Train,T150504-2022,C,2019
0.0085090994181903,0.02168015099817451,Train,T190804-2021,C,2019
0.0935626791764399,0.07520204642659258,Train,T150110-2022,C,2019
0.0046964893741927,-0.004097556394261374,Train,T190405-2017,C,2019
0.0014594243543871,0.00395428408232589,Train,T730203-2022,C,2019
0.0117993127217525,0.019757766436704106,Train,T720905-2017,C,2019
0.0507924727943391,0.05947846326652833,Train,T720209-2021,C,2019
0.0346299810246679,0.014645167967912752,Train,T140811-2016,C,2019
0.0034318717021857,0.004424810148188176,Train,T180107-2016,C,2019
0.0773594132029339,0.08381425204556234,Train,T160304-2017,C,2019
0.0137238493723849,0.011939655461537727,Train,T250205-2021,C,2019
0.0447982228804146,0.0378313305336885,Train,T150611-2021,C,2019
0.0103349409010938,-0.004238642700463499,Train,T160802-2017,C,2019
0.03003003003003,0.05776273573026265,Train,T191007-2021,C,2019
0.0018342743880267,0.02156370774654772,Train,T180502-2021,C,2019
0.0058632112808185,0.006663790689375301,Train,T140404-2017,C,2019
0.0210268643303521,0.007420760035196428,Train,T180606-2016,C,2019
0.1437546090154676,0.12653781422755508,Train,T150413-2021,C,2019
0.032616583902085,0.0383179601650153,Train,T720906-2017,C,2019
0.0002017756255044,-0.0031883083431362754,Train,T161004-2022,C,2019
0.205081846828842,0.1564545227919882,Train,T150607-2022,C,2019
0.0454923942403379,0.04964938839223076,Train,T141508-2021,C,2019
0.0062823563882939,0.005015941489702072,Train,T180302-2021,C,2019
0.0035896202540733,0.011640633670498722,Train,T720414-2016,C,2019
0.0272727272727272,0.028743174779033626,Train,T160115-2022,C,2019
0.0355597787916167,0.03909058621013431,Train,T760609-2016,C,2019
0.0029890743354889,0.005576953868479305,Train,T150604-2022,C,2019
0.0129157739587606,0.009618452915132877,Train,T730322-2017,C,2019
0.0185567326756157,0.010164257874515147,Train,T141207-2021,C,2019
0.015020314976005,0.0016675153616533948,Train,T150502-2016,C,2019
0.0094361383128184,-0.0010176751300892397,Train,T120304-2022,C,2019
0.2212745794835347,0.18773147300203316,Train,T720116-2021,C,2019
0.160096540627514,0.08611169742887013,Train,T730208-2020,C,2019
0.0639702343660774,0.047577130075464366,Train,T160123-2016,C,2019
0.0454733360892931,0.05541524396554023,Train,T141509-2021,C,2019
0.0068617696503928,0.001596748568993069,Train,T240306-2015,C,2019
0.0080549198004386,0.002753712252880996,Train,T141212-2016,C,2019
0.0631172007521466,0.06163816255506361,Train,T210103-2022,C,2019
0.0843546904419941,0.05739047018128694,Train,T150701-2021,C,2019
0.0194893554987072,0.03549961595114966,Train,T720207-2021,C,2019
0.2192863830229897,0.1786203327486192,Train,T250210-2020,C,2019
0.0133480445824689,0.025762884307740902,Train,T150608-2022,C,2019
0.0014588104859297,0.010007213640590413,Train,T140814-2017,C,2019
0.3385886450765173,0.2658311592489792,Train,T141506-2021,C,2019
0.0496407576747224,0.03466187060731107,Train,T250701-2022,C,2019
0.0173547483022528,0.020930884147736546,Train,T140715-2021,C,2019
0.0027975745029059,0.007016608820096463,Train,T730319-2020,C,2019
0.0535974878751685,0.05009453916277777,Train,T190801-2021,C,2019
0.0082218944212028,0.0016769292165429712,Train,T160302-2016,C,2019
0.0385120505448479,0.031487389572911376,Train,T180508-2016,C,2019
0.268249210078587,0.20188839246562817,Train,T150614-2021,C,2019
0.0203299298983064,0.023152884081260754,Train,T190302-2016,C,2019
0.0268803945745992,0.011871631945812665,Train,T140509-2017,C,2019
0.0352109199922338,0.03903184727533257,Train,T141209-2016,C,2019
0.0155784650630011,0.023400613898377973,Train,T730313-2021,C,2019
0.0024172032354265,-0.004329018238074339,Train,T180302-2022,C,2019
0.0025720164609053,0.003890677404747732,Train,T720105-2022,C,2019
0.0128476594836937,0.030086061889836695,Train,T150704-2021,C,2019
0.0040616009477068,0.010132762812917263,Train,T140421-2022,C,2019
0.0105963863605488,0.0251812386821726,Train,T250806-2018,C,2019
0.0092497430626927,0.00944645157901154,Train,T140704-2016,C,2019
0.0092272202998846,-0.0008503021305099269,Train,T240503-2020,C,2019
0.0002998051266676,0.0003682638995098715,Train,T730507-2021,C,2019
0.0033708622665677,0.02148337736190866,Train,T760617-2017,C,2019
0.0935983360295817,0.06409672252932883,Train,T150414-2016,C,2019
0.0097513408093612,0.012079193522858094,Train,T100308-2015,C,2019
0.0084724591241913,0.025410144224131615,Train,T180501-2016,C,2019
0.048064085447263,0.018790605501801467,Train,T260408-2018,C,2019
0.0614632442814737,0.06289632718735219,Train,T160606-2016,C,2019
0.0213953488372093,0.019516343297462494,Train,T101105-2022,C,2019
0.0256224317138022,0.009710719300214415,Train,T240602-2022,C,2019
0.1193515233895832,0.0980110206950836,Train,T270102-2020,C,2019
0.0970571674125003,0.0861154646513316,Train,T140707-2021,C,2019
0.0208372093023255,0.014643803981969386,Train,T711001-2021,C,2019
0.0070314052693925,0.012898150369537157,Train,T720708-2017,C,2019
0.0034144259496372,-0.001044044818121607,Train,T711102-2022,C,2019
0.0026928255433737,0.020448702716285558,Train,T711002-2021,C,2019
0.1485436893203883,0.16460529086437892,Train,T240513-2017,C,2019
0.1554770318021201,0.1453290514853542,Train,T700706-2017,C,2019
0.0753324042336811,0.0602042890198338,Train,T150407-2022,C,2019
0.0235294117647058,0.01151129036895187,Train,T250602-2018,C,2019
0.0148438039721646,0.01956266466466447,Train,T150404-2021,C,2019
0.0524276686359632,0.038112062617822615,Train,T720206-2021,C,2019
0.0152613506295307,0.007192389573197849,Train,T141109-2022,C,2019
0.2163090128755364,0.19016810892970556,Train,T700604-2016,C,2019
0.0028765414183324,-0.003041375437179951,Train,T720213-2020,C,2019
0.0080188539293587,0.0033401911330955304,Train,T270801-2022,C,2019
0.0238158449549451,0.02030820988613125,Train,T140506-2022,C,2019
0.0085132838031975,0.011818139955233694,Train,T720605-2022,C,2019
0.0087873462214411,0.018801070119322832,Train,T150109-2021,C,2019
0.0082615128433721,0.02243513651871811,Train,T720206-2022,C,2019
0.0111297677410103,0.012136701414720334,Train,T160307-2017,C,2019
0.4052728387492336,0.3538313183692068,Train,T160417-2022,C,2019
0.0018018414819945,0.013472586197405502,Train,T140802-2017,C,2019
0.0423131170662905,0.030001526721546625,Train,T240513-2020,C,2019
0.0011048706380627,0.006696098073328905,Train,T711003-2017,C,2019
0.0027574720599143,-0.005189258898556469,Train,T720712-2022,C,2019
0.0050604851400705,0.008475426767976755,Train,T760603-2017,C,2019
0.0258178225592691,0.023943781322066468,Train,T720203-2021,C,2019
0.1303258145363408,0.0982319874780447,Train,T150611-2016,C,2019
0.6782556554302879,0.5196468213698399,Train,T140708-2022,C,2019
0.0194317991016094,0.031218501436249022,Train,T730211-2020,C,2019
0.166073546856465,0.13900072793091034,Train,T160403-2022,C,2019
0.0139911634756995,0.035223852314729895,Train,T700602-2020,C,2019
0.0051310995946431,0.009882904280693005,Train,T170602-2021,C,2019
0.0115635997988939,0.0022866472697584475,Train,T730204-2022,C,2019
0.0041988736521428,0.002082551138457309,Train,T160303-2016,C,2019
0.0242946708463949,0.029054458204496803,Train,T250207-2015,C,2019
0.0042357791558876,0.020831038236637053,Train,T720905-2020,C,2019
0.0069762643737021,0.006330043701512833,Train,T120404-2022,C,2019
0.001460485267094,0.01620188998545546,Train,T160803-2022,C,2019
0.0328182930939667,0.012616446753821653,Train,T140121-2022,C,2019
0.1797119599248591,0.1698263370630408,Train,T200618-2017,C,2019
0.0087475236058882,0.008695684588624452,Train,T240118-2015,C,2019
0.0213712378686485,0.014560132360299282,Train,T720120-2022,C,2019
0.0202482434648794,0.02414862578556633,Train,T250803-2018,C,2019
0.506,0.4282252802069986,Train,T150305-2016,C,2019
0.065888812628689,0.06805479984676538,Train,T191005-2021,C,2019
0.0857017365314364,0.07408111160083923,Train,T180508-2021,C,2019
0.0613463626492942,0.07683858505493389,Train,T250205-2020,C,2019
0.0020973979157108,-0.00022672093892677338,Train,T180701-2022,C,2019
0.0076161462300076,0.0022102470929898,Train,T730318-2020,C,2019
0.0475108755363532,0.02711531855537648,Train,T760111-2016,C,2019
0.0211677142586442,0.01264790021190901,Train,T720905-2022,C,2019
0.1115752246609442,0.07820665183250687,Train,T760118-2017,C,2019
0.095906432748538,0.05819094067026599,Train,T250802-2018,C,2019
0.066006600660066,0.06242715270520636,Train,T200605-2015,C,2019
0.0348148148148148,0.01972262258621228,Train,T700505-2020,C,2019
0.0158375729799273,0.04321694830772224,Train,T721004-2021,C,2019
0.050314465408805,0.08019298818113402,Train,T200603-2015,C,2019
0.037665368364747,0.027507091871904983,Train,T260205-2018,C,2019
0.0804293690934682,0.08084033552402357,Train,T770404-2016,C,2019
0.0104478562782697,0.0022559261828888157,Train,T100304-2015,C,2019
0.0047068374370622,0.004398617110198497,Train,T160504-2021,C,2019
0.0409463148316651,0.018277123487183553,Train,T150502-2022,C,2019
0.0429472554019594,0.03906077792508506,Train,T220110-2020,C,2019
0.0017446932247746,0.011761998449931926,Train,T700716-2018,C,2019
0.0132182357701645,0.019077354515864377,Train,T160116-2021,C,2019
0.0794840760879383,0.04476303091548982,Train,T730104-2022,C,2019
0.0780274547276014,0.11455656826002351,Train,T150609-2022,C,2019
0.35,0.298518798084403,Train,T700708-2016,C,2019
0.0328440735579697,0.022522805582925312,Train,T720214-2021,C,2019
0.0190510750249478,0.017247770678571517,Train,T191011-2021,C,2019
0.049146884272997,0.03244353192924359,Train,T160118-2021,C,2019
0.0102284350494374,0.00960845913047225,Train,T250603-2018,C,2019
0.0368793181936049,0.04799238108395858,Train,T270104-2020,C,2019
0.0,0.0010201939815690118,Train,T710510-2021,C,2019
0.0,0.010012628053851119,Train,T180203-2018,C,2019
0.0,-0.013353472947788799,Train,T250106-2020,C,2019
0.0,0.012502662782823129,Train,T730322-2021,C,2019
0.0,0.0031830043612125583,Train,T260104-2022,C,2019
0.0,-0.004259618540448715,Train,T140904-2016,C,2019
0.0,0.02636945566459263,Train,T230109-2016,C,2019
0.0,0.01325040104640984,Train,T720715-2016,C,2019
0.0,0.0014547810154197723,Train,T730510-2020,C,2019
0.0,0.005332021282784936,Train,T130608-2018,C,2019
0.0,-0.004039936500241633,Train,T710116-2022,C,2019
0.0,0.00215148448473164,Train,T160610-2018,C,2019
0.0,0.034846667998986024,Train,T720115-2021,C,2019
0.0,0.028786973389811645,Train,T190606-2022,C,2019
0.0,0.0019419801624553572,Train,T270503-2015,C,2019
0.0,-0.00011707520254499242,Train,T180609-2017,C,2019
0.0,0.037995941631125886,Train,T200607-2018,C,2019
0.0,-0.005792648819235651,Train,T720202-2018,C,2019
0.0,0.02362718482839617,Train,T730311-2022,C,2019
0.0,0.0019260182156158154,Train,T720509-2016,C,2019
0.0,0.0009454373050530634,Train,T760405-2021,C,2019
0.0,0.00079512445972812,Train,T770602-2021,C,2019
0.0,0.0014460005930032787,Train,T170303-2020,C,2019
0.0,-0.002755716342114683,Train,T720506-2016,C,2019
0.0,0.003752790324016802,Train,T190509-2022,C,2019
0.0,-0.006573758742399044,Train,T710603-2018,C,2019
0.0,-0.002999455822631113,Train,T240302-2017,C,2019
0.0,-0.01777700499519152,Train,T710613-2016,C,2019
0.0,0.0012647573790092249,Train,T711104-2017,C,2019
0.0,0.00814362138368645,Train,T170606-2021,C,2019
0.0,0.016157526683145976,Train,T141411-2016,C,2019
0.0,-0.00013215274190599355,Train,T260405-2020,C,2019
0.0,-0.00021366746446374414,Train,T140408-2018,C,2019
0.0,0.019551935920664898,Train,T190502-2018,C,2019
0.0,0.002111693802465592,Train,T161104-2016,C,2019
0.0,0.0020200039231218193,Train,T141511-2015,C,2019
0.0,0.0033616431277318955,Train,T141004-2020,C,2019
0.0,0.006907358231449656,Train,T160616-2020,C,2019
0.0,0.008064194324107208,Train,T201001-2022,C,2019
0.0,0.02173894400777321,Train,T700109-2022,C,2019
0.0,0.005542713782369905,Train,T170405-2020,C,2019
0.0,0.018040186267505715,Train,T770304-2018,C,2019
0.0,0.015360644469782291,Train,T140408-2021,C,2019
0.0,-0.007440090727074022,Train,T200603-2022,C,2019
0.0,0.015842834447706695,Train,T160610-2015,C,2019
0.0,-0.004799313569092824,Train,T250109-2017,C,2019
0.0,-0.0023165365562156574,Train,T760605-2015,C,2019
0.0,-0.0016685240159644383,Train,T270103-2017,C,2019
0.0,0.008854149792186619,Train,T760124-2018,C,2019
0.0,0.015407352346546183,Train,T170206-2022,C,2019
0.0,0.014252208107957805,Train,T241103-2022,C,2019
0.0,0.013355622857588702,Train,T270202-2016,C,2019
0.0,0.007794955563739824,Train,T170107-2021,C,2019
0.0,-7.466241841916102e-05,Train,T190106-2020,C,2019
0.0,0.013416344661952235,Train,T730512-2020,C,2019
0.0,-0.00208426882009719,Train,T180508-2018,C,2019
0.0,0.0030959552853873796,Train,T210106-2022,C,2019
0.0,-0.014299244694739203,Train,T140711-2018,C,2019
0.0,-0.006978208129641132,Train,T720110-2015,C,2019
0.0,0.021474225475552975,Train,T720210-2020,C,2019
0.0,-0.0013268814546985703,Train,T260306-2018,C,2019
0.0,0.01593085746029438,Train,T160204-2021,C,2019
0.0,0.013916001619066316,Train,T130306-2022,C,2019
0.0,0.0010047244047945954,Train,T240501-2016,C,2019
0.0,-0.003905359386397501,Train,T710401-2020,C,2019
0.0,0.00700185316514615,Train,T710513-2016,C,2019
0.0,0.007602918095996241,Train,T140422-2015,C,2019
0.0,-0.0035378465534762764,Train,T700408-2018,C,2019
0.0,-0.005225068358781809,Train,T201003-2017,C,2019
0.0,0.004667078421272286,Train,T760114-2018,C,2019
0.0,-0.004337347497903209,Train,T700606-2022,C,2019
0.0,0.01833600056332987,Train,T180202-2021,C,2019
0.0,0.007504257325389604,Train,T770503-2017,C,2019
0.0,0.007412369143737479,Train,T191002-2016,C,2019
0.0,0.014188083626602146,Train,T710206-2016,C,2019
0.0,0.0034175385969865643,Train,T240110-2020,C,2019
0.0,0.010387657401878898,Train,T760504-2022,C,2019
0.0,0.014546690375154093,Train,T160205-2020,C,2019
0.0,0.03614562070796989,Train,T190111-2022,C,2019
0.0,0.005568494023258952,Train,T230401-2015,C,2019
0.0,0.022146786819924803,Train,T190114-2018,C,2019
0.0,-0.006768475703773697,Train,T190311-2018,C,2019
0.0,-0.010949160993311377,Train,T141505-2015,C,2019
0.0,-0.0005787936472331857,Train,T760402-2021,C,2019
0.0,-0.0054776254983785145,Train,T720107-2018,C,2019
0.0,0.021090124703152913,Train,T190317-2016,C,2019
0.0,-0.0031578072925241224,Train,T200613-2016,C,2019
0.0,-0.0001765212910572442,Train,T140406-2018,C,2019
0.0,0.0006188378805672158,Train,T140709-2016,C,2019
0.0,0.0027231002410124322,Train,T760501-2017,C,2019
0.0,-0.009193009627173544,Train,T260310-2021,C,2019
0.0,0.011836899758979585,Train,T700803-2020,C,2019
0.0,-0.008053080923120716,Train,T250212-2016,C,2019
0.0,-0.00038859559693460476,Train,T700114-2018,C,2019
0.0,0.003919953565678961,Train,T210402-2022,C,2019
0.0,0.01358720412264786,Train,T241103-2017,C,2019
0.0,0.006945249428861806,Train,T101102-2018,C,2019
0.0,-0.004127360447965885,Train,T270204-2018,C,2019
0.0,0.008774629239525879,Train,T180105-2022,C,2019
0.0,-0.0036054177867608805,Train,T711304-2017,C,2019
0.0,-0.0002676987854944111,Train,T140707-2017,C,2019
0.0,-0.0044118263676447365,Train,T220311-2015,C,2019
0.0,0.018013145639476293,Train,T160405-2022,C,2019
0.0,0.012889055953385464,Train,T240603-2017,C,2019
0.0,0.009559767706922623,Train,T191303-2016,C,2019
0.0,-0.008970283875052039,Train,T140813-2020,C,2019
0.0,-0.015121601895075892,Train,T260111-2022,C,2019
0.0,0.002366563761503626,Train,T141216-2021,C,2019
0.0,-0.0059214121213995935,Train,T760121-2015,C,2019
0.0,0.004988705435624096,Train,T150401-2018,C,2019
0.0,0.007148828984599157,Train,T104802-2021,C,2019
0.0,0.012198261702080727,Train,T200504-2021,C,2019
0.0,-0.005612407592378761,Train,T730117-2022,C,2019
0.0,0.0025997307891371885,Train,T700104-2015,C,2019
0.0,0.004779928662685725,Train,T760504-2018,C,2019
0.0,0.00021879847492445092,Train,T760606-2015,C,2019
0.0,-0.002769222249539293,Train,T140416-2022,C,2019
0.0,0.0017781829207419845,Train,T120405-2020,C,2019
0.0,-0.005397929682093714,Train,T760301-2018,C,2019
0.0,0.01629707766934991,Train,T220312-2022,C,2019
0.0,0.001368290361107592,Train,T140303-2016,C,2019
0.0,-0.010844325727902364,Train,T140905-2015,C,2019
0.0,0.008523990907838029,Train,T720603-2017,C,2019
0.0,0.022896663443402764,Train,T160322-2021,C,2019
0.0,-0.0032718581416346345,Train,T240208-2021,C,2019
0.0,0.010025973580741898,Train,T140108-2018,C,2019
0.0,-0.0009853114890483244,Train,T160411-2018,C,2019
0.0,0.005198344511177269,Train,T270507-2018,C,2019
0.0,-0.0059887462646910595,Train,T710105-2015,C,2019
0.0,0.026802922303311758,Train,T760401-2020,C,2019
0.0,-0.0009034284736244391,Train,T150502-2018,C,2019
0.0,0.0014230116909719158,Train,T160903-2015,C,2019
0.0,-0.0034823777682573614,Train,T250606-2016,C,2019
0.0,0.005028108411805236,Train,T180202-2020,C,2019
0.0,0.004644194552326459,Train,T720406-2020,C,2019
0.0,-0.0032471764207850236,Train,T700504-2015,C,2019
0.0,0.006567971468148275,Train,T220103-2015,C,2019
0.0,-0.0076625154886624715,Train,T140618-2020,C,2019
0.0,0.0017638562093507519,Train,T140304-2020,C,2019
0.0,0.009690008585742475,Train,T720711-2018,C,2019
0.0,0.008618130199013134,Train,T141410-2017,C,2019
0.0,-0.0029398241788230056,Train,T150602-2018,C,2019
0.0,0.0028462508616351164,Train,T730610-2017,C,2019
0.0,-0.004787782188812851,Train,T120406-2021,C,2019
0.0,-0.0009043407960595573,Train,T200203-2015,C,2019
0.0,0.013403447160597588,Train,T200401-2018,C,2019
0.0,0.0007352346087336806,Train,T140907-2017,C,2019
0.0,-0.0034302686425541646,Train,T240111-2017,C,2019
0.0,0.01338865950368563,Train,T140304-2021,C,2019
0.0,0.01992254745216327,Train,T190110-2018,C,2019
0.0,-0.0010725366791605722,Train,T200407-2016,C,2019
0.0,-0.006485615370777719,Train,T710116-2015,C,2019
0.0,-0.006326669226314008,Train,T240608-2020,C,2019
0.0,-0.006794501593941252,Train,T140206-2017,C,2019
0.0,0.017510977926852044,Train,T190204-2017,C,2019
0.0,0.0013285722101345598,Train,T200510-2022,C,2019
0.0,0.010055365841899299,Train,T140702-2018,C,2019
0.0,-0.015531391115197154,Train,T190401-2022,C,2019
0.0,0.01942891062433617,Train,T720107-2022,C,2019
0.0,0.0008765979613835819,Train,T150112-2015,C,2019
0.0,-0.0004926111975509212,Train,T140716-2016,C,2019
0.0,0.0052272639706338634,Train,T730313-2020,C,2019
0.0,0.010597020210816196,Train,T720302-2021,C,2019
0.0,-0.000274519589236893,Train,T120609-2020,C,2019
0.0,0.013816405208159523,Train,T130111-2021,C,2019
0.0,0.00168498970563792,Train,T140301-2016,C,2019
0.0,-0.006940383254578823,Train,T130504-2015,C,2019
0.0,-0.004897785390094587,Train,T260111-2016,C,2019
0.0,0.011728576769252954,Train,T250302-2020,C,2019
0.0,0.01474585885247336,Train,T140716-2021,C,2019
0.0,0.01319830960550556,Train,T230111-2017,C,2019
0.0,0.00023767919212877236,Train,T150605-2015,C,2019
0.0,0.003245656974778798,Train,T250704-2022,C,2019
0.0,0.0006800908664239943,Train,T730509-2015,C,2019
0.0,0.006255886943144936,Train,T270607-2018,C,2019
0.0,0.008432783281502838,Train,T190502-2015,C,2019
0.0,-0.0020288326478609133,Train,T260406-2021,C,2019
0.0,0.0245509891682125,Train,T140801-2016,C,2019
0.0,0.0031951289677012292,Train,T141512-2016,C,2019
0.0,0.006054075888969239,Train,T710309-2018,C,2019
0.0,-0.007616666305413314,Train,T270508-2022,C,2019
0.0,0.02161137875511353,Train,T740115-2021,C,2019
0.0,0.014413294969544663,Train,T140111-2022,C,2019
0.0,0.007175408693415413,Train,T240405-2020,C,2019
0.0,-0.0036856303585772426,Train,T190606-2017,C,2019
0.0,0.004831033746525376,Train,T210504-2016,C,2019
0.0,-0.0048856905829338,Train,T260406-2022,C,2019
0.0,-0.0030971198146930072,Train,T191004-2018,C,2019
0.0,-0.001694866966085738,Train,T190601-2020,C,2019
0.0,-0.003270682799496487,Train,T190704-2015,C,2019
0.0,-0.004693778615227415,Train,T140408-2022,C,2019
0.0,0.014723307571930857,Train,T760803-2015,C,2019
0.0,0.018436668794613812,Train,T770404-2015,C,2019
0.0,0.0008094230861111781,Train,T180704-2020,C,2019
0.0,0.024716946068158094,Train,T230202-2015,C,2019
0.0,0.013689352606365581,Train,T760615-2015,C,2019
0.0,0.008981469530951906,Train,T760513-2021,C,2019
0.0,-0.009082483048117358,Train,T260113-2021,C,2019
0.0,-0.0020786857382924374,Train,T110603-2018,C,2019
0.0,0.003791590857501774,Train,T160608-2016,C,2019
0.0,0.013231529176659962,Train,T710905-2016,C,2019
0.0,0.002678614631507857,Train,T720116-2020,C,2019
0.0,0.006814029984687127,Train,T141601-2020,C,2019
0.0,-0.00032158219768929603,Train,T160309-2017,C,2019
0.0,0.0051072768870577935,Train,T720211-2020,C,2019
0.0,0.025555461378778378,Train,T190404-2021,C,2019
0.0,-0.002546453063500453,Train,T240204-2016,C,2019
0.0,-0.007871667339841617,Train,T250708-2018,C,2019
0.0,0.010024006284186773,Train,T270612-2020,C,2019
0.0,-0.003225160265728359,Train,T720711-2016,C,2019
0.0,-0.005415659826157612,Train,T130202-2020,C,2019
0.0,0.0047454082820691185,Train,T160403-2020,C,2019
0.0,0.014508539649041828,Train,T150106-2021,C,2019
0.0,0.0007270536011021191,Train,T730605-2018,C,2019
0.0,-0.007087297689737442,Train,T150405-2015,C,2019
0.0,0.02474684774259221,Train,T700112-2020,C,2019
0.0,0.0061961174696788975,Train,T710902-2018,C,2019
0.0,-0.004203531086005653,Train,T200504-2016,C,2019
0.0,0.028835242568915967,Train,T190316-2015,C,2019
0.0,-0.006373466926759625,Train,T150305-2020,C,2019
0.0,-0.005899173427799118,Train,T270203-2018,C,2019
0.0,0.013260252388155865,Train,T141402-2022,C,2019
0.0,0.0008955710982557994,Train,T140120-2015,C,2019
0.0,0.019563181208295834,Train,T141409-2017,C,2019
0.0,-0.0017348198581191748,Train,T200605-2021,C,2019
0.0,0.014747035419749087,Train,T130304-2017,C,2019
0.0,0.012132392481875332,Train,T170603-2021,C,2019
0.0,0.00035271550748076366,Train,T190306-2017,C,2019
0.0,0.0011593324476810113,Train,T730122-2015,C,2019
0.0,0.015405443218432431,Train,T140121-2017,C,2019
0.0,0.0179740811434911,Train,T220801-2021,C,2019
0.0,-0.004189058469884067,Train,T720114-2016,C,2019
0.0,0.005101634219753008,Train,T150411-2018,C,2019
0.0,-0.003791942391649806,Train,T270802-2015,C,2019
0.0,0.008202054654843768,Train,T730702-2021,C,2019
0.0,0.002428216619749732,Train,T720806-2016,C,2019
0.0,-0.006969770607699442,Train,T140412-2018,C,2019
0.0,0.011458621686940241,Train,T141601-2022,C,2019
0.0,0.0054611155661555884,Train,T190303-2021,C,2019
0.0,0.007907311268929986,Train,T270602-2017,C,2019
0.0,0.0019901569473918775,Train,T240411-2015,C,2019
0.0,0.007021393061383122,Train,T170206-2015,C,2019
0.0,0.008641054224446179,Train,T104601-2017,C,2019
0.0,-0.00012047515075320332,Train,T720505-2020,C,2019
0.0,-0.006808097489601618,Train,T191001-2015,C,2019
0.0,0.012437899556724585,Train,T700502-2018,C,2019
0.0,0.002909516982901809,Train,T760618-2018,C,2019
0.0,0.012593379697021404,Train,T700205-2015,C,2019
0.0,0.024197904672064736,Train,T240508-2020,C,2019
0.0,-0.007692271168082231,Train,T180502-2015,C,2019
0.0,0.029510646322598807,Train,T190508-2016,C,2019
0.0,0.00026178892236578975,Train,T130407-2015,C,2019
0.0,0.010310850684277652,Train,T250805-2022,C,2019
0.0,0.021295459536507882,Train,T104604-2021,C,2019
0.0,0.013314728581071427,Train,T140202-2015,C,2019
0.0,-0.000712986752661219,Train,T150503-2020,C,2019
0.0,-0.006749290614137892,Train,T720109-2018,C,2019
0.0,0.006945845458918303,Train,T270609-2022,C,2019
0.0,0.0015663170179283398,Train,T730113-2018,C,2019
0.0,0.012023931826879755,Train,T730203-2016,C,2019
0.0,-0.006144858059682007,Train,T190504-2015,C,2019
0.0,-0.0014824165558402133,Train,T730319-2016,C,2019
0.0,0.03434446725115151,Train,T180102-2020,C,2019
0.0,0.0074714858377551525,Train,T200304-2015,C,2019
0.0,-0.0009985462896066415,Train,T250605-2016,C,2019
0.0,0.0012128600767256055,Train,T180205-2022,C,2019
0.0,-0.00044342681941779915,Train,T141403-2018,C,2019
0.0,-0.0016341123512944704,Train,T700104-2021,C,2019
0.0,0.00707975168304975,Train,T740208-2017,C,2019
0.0,-0.004722285585254523,Train,T730324-2015,C,2019
0.0,0.00374128503774227,Train,T230202-2021,C,2019
0.0,0.0017091952635724154,Train,T140404-2015,C,2019
0.0,0.0005161511362468692,Train,T180207-2018,C,2019
0.0,0.001492464998131854,Train,T720506-2015,C,2019
0.0,0.002223498659818967,Train,T190505-2020,C,2019
0.0,-0.0013430750896397062,Train,T190313-2020,C,2019
0.0,0.008984561363448183,Train,T161104-2021,C,2019
0.0,-0.00030696796195794386,Train,T250303-2018,C,2019
0.0,0.0039725071054431665,Train,T240510-2021,C,2019
0.0,-0.008745197449658137,Train,T260102-2018,C,2019
0.0,0.006273814929155025,Train,T210503-2016,C,2019
0.0,0.00034261293993859566,Train,T120505-2021,C,2019
0.0,-0.010783035466059751,Train,T130403-2016,C,2019
0.0,-7.33780413363845e-05,Train,T160417-2015,C,2019
0.0,0.009727723643771025,Train,T101103-2022,C,2019
0.0,-0.009141487781092526,Train,T100302-2016,C,2019
0.0,0.02344778493848817,Train,T200611-2020,C,2019
0.0,0.0014342000510870914,Train,T250706-2017,C,2019
0.0,0.0038551391032633536,Train,T720502-2016,C,2019
0.0,-0.003793957252721338,Train,T720204-2020,C,2019
0.0,0.0010458568988156497,Train,T120501-2021,C,2019
0.0,0.005857320045268789,Train,T200203-2020,C,2019
0.0,0.00163161942742393,Train,T140515-2015,C,2019
0.0,-0.0008937092928868451,Train,T770204-2022,C,2019
0.0,0.005862096144158353,Train,T720603-2015,C,2019
0.0,0.0019950950431193927,Train,T700716-2021,C,2019
0.0,0.009075682192991675,Train,T141304-2021,C,2019
0.0,0.00813878655214904,Train,T150410-2020,C,2019
0.0,-0.003384946880334999,Train,T140611-2017,C,2019
0.0,0.00887296512810892,Train,T190316-2020,C,2019
0.0,0.010563237141798002,Train,T140207-2017,C,2019
0.0,-0.002790313504207423,Train,T710611-2022,C,2019
0.0,0.012693496366134684,Train,T160106-2015,C,2019
0.0,0.0025239265464415683,Train,T730114-2021,C,2019
0.0,-0.0003121301496777806,Train,T720710-2020,C,2019
0.0,0.002796447856326169,Train,T770201-2016,C,2019
0.0,0.00276205040626867,Train,T730103-2016,C,2019
0.0,0.006122242710494429,Train,T220906-2020,C,2019
0.0,-0.0015681612870239742,Train,T101103-2016,C,2019
0.0,0.0005515789179855899,Train,T191011-2018,C,2019
0.0,0.0052060972356218664,Train,T210313-2020,C,2019
0.0,-0.004386775506920512,Train,T730408-2021,C,2019
0.0,0.00878960262963372,Train,T240516-2022,C,2019
0.0,-0.0030526895808625177,Train,T130501-2021,C,2019
0.0,0.015610156751448327,Train,T160121-2022,C,2019
0.0,0.0015722901121194676,Train,T270602-2022,C,2019
0.0,-0.0007141909733909435,Train,T140417-2021,C,2019
0.0,0.012397295152555582,Train,T710608-2018,C,2019
0.0,0.011895713353515788,Train,T120609-2021,C,2019
0.0,-0.00025183177469777516,Train,T220705-2018,C,2019
0.0,-0.0034463308984550613,Train,T180501-2018,C,2019
0.0,0.0012020130250909988,Train,T141601-2016,C,2019
0.0,0.018714256866384293,Train,T700712-2021,C,2019
0.0,-0.006781626300529551,Train,T720105-2016,C,2019
0.0,0.0016775174095383046,Train,T250303-2022,C,2019
0.0,-0.0003942893712762869,Train,T720507-2018,C,2019
0.0,0.006165672863581398,Train,T110201-2021,C,2019
0.0,0.013444009178787374,Train,T141407-2022,C,2019
0.0,-0.004621287945196425,Train,T720806-2015,C,2019
0.0,0.0054717245239644,Train,T220404-2016,C,2019
0.0,-0.0018131988427510753,Train,T760206-2020,C,2019
0.0,0.0016520710625358877,Train,T160617-2021,C,2019
0.0,-0.004756124529001842,Train,T220313-2015,C,2019
0.0,0.011515261634577972,Train,T190507-2020,C,2019
0.0,-0.008224622407836083,Train,T190111-2021,C,2019
0.0,0.007893797577543493,Train,T160404-2015,C,2019
0.0,-0.010535317773181023,Train,T710106-2017,C,2019
0.0,0.0068626670470396875,Train,T150406-2015,C,2019
0.0,-0.0047589099897828524,Train,T700513-2015,C,2019
0.0,0.0017129571050908446,Train,T150507-2020,C,2019
0.0,-0.00945884766597865,Train,T180406-2015,C,2019
0.0,-0.003234068541808458,Train,T160614-2015,C,2019
0.0,0.002654855389179955,Train,T730106-2020,C,2019
0.0,0.002310101124850239,Train,T260113-2020,C,2019
0.0,-0.005293326980876507,Train,T220702-2022,C,2019
0.0,-0.014544639288019077,Train,T140110-2017,C,2019
0.0,0.0050228721668569435,Train,T160117-2015,C,2019
0.0,-0.01782747443255815,Train,T270612-2016,C,2019
0.0,-0.005104477063740573,Train,T240303-2017,C,2019
0.0,0.002284355304560893,Train,T760605-2020,C,2019
0.0,0.0015720626104946856,Train,T700505-2016,C,2019
0.0,-0.0021857543905752386,Train,T140111-2020,C,2019
0.0,-0.007747518106900737,Train,T711103-2020,C,2019
0.0,0.003412164621188361,Train,T120503-2017,C,2019
0.0,0.000786547971524873,Train,T130101-2017,C,2019
0.0,0.008399445842548512,Train,T711103-2018,C,2019
0.0,0.00025659081417595404,Train,T190315-2018,C,2019
0.0,-0.02051288663518379,Train,T710207-2018,C,2019
0.0,-0.0036718009382033043,Train,T160404-2016,C,2019
0.0,-0.007495262441605795,Train,T190503-2018,C,2019
0.0,-0.0036698107435591434,Train,T200202-2016,C,2019
0.0,0.0062811424762553685,Train,T230102-2020,C,2019
0.0,0.0010869808885382163,Train,T760514-2017,C,2019
0.0,0.007221842866146966,Train,T160207-2015,C,2019
0.0,0.01343494249124581,Train,T250705-2018,C,2019
0.0,0.006708383766350171,Train,T730115-2016,C,2019
0.0,-0.005650651957509045,Train,T140703-2018,C,2019
0.0,0.0048023721176856694,Train,T160901-2017,C,2019
0.0,0.0017860142699075538,Train,T160507-2020,C,2019
0.0,0.0065325258559519785,Train,T141204-2017,C,2019
0.0,-0.0010299621698750079,Train,T730304-2022,C,2019
0.0,0.015766193813975732,Train,T190314-2017,C,2019
0.0,-0.0019090580732052268,Train,T130704-2017,C,2019
0.0,0.019247006502566028,Train,T710509-2020,C,2019
0.0,0.005298533032477112,Train,T720503-2016,C,2019
0.0,-0.003512019579875259,Train,T120402-2016,C,2019
0.0,-0.0010833840096979013,Train,T270405-2021,C,2019
0.0,0.015022117986453577,Train,T760121-2022,C,2019
0.0,0.011644717719146526,Train,T190311-2016,C,2019
0.0,-0.014789977329656208,Train,T700102-2021,C,2019
0.0,-0.0011618800693753437,Train,T180103-2018,C,2019
0.0,-0.01458565554520812,Train,T720508-2016,C,2019
0.0,0.02595143566782894,Train,T190311-2017,C,2019
0.0,0.007374528572379924,Train,T270506-2022,C,2019
0.0,0.0010425298883970841,Train,T141410-2016,C,2019
0.0,-0.003795242044669662,Train,T710303-2016,C,2019
0.0,-0.0065041252891865926,Train,T770207-2016,C,2019
0.0,0.02901452538946541,Train,T220602-2020,C,2019
0.0,-0.008272362075227364,Train,T100508-2018,C,2019
0.0,6.275836363609725e-05,Train,T260201-2015,C,2019
0.0,-0.005505768668734288,Train,T720705-2018,C,2019
0.0,-0.002043221406175141,Train,T180207-2015,C,2019
0.0,-0.00555608653673324,Train,T141601-2015,C,2019
0.0,-0.006027919584590481,Train,T160603-2020,C,2019
0.0,-0.006272754313145201,Train,T190213-2022,C,2019
0.0,-0.009054894852471948,Train,T160901-2015,C,2019
0.0,0.004021996895457262,Train,T190310-2016,C,2019
0.0,0.024853481159916795,Train,T161001-2018,C,2019
0.0,-0.003137609943025573,Train,T120505-2020,C,2019
0.0,0.003576546439933237,Train,T130113-2017,C,2019
0.0,0.03275849650167849,Train,T730115-2022,C,2019
0.0,0.00031262462886070706,Train,T141205-2016,C,2019
0.0,0.00769782241074695,Train,T250808-2018,C,2019
0.0,0.002144703286538887,Train,T120507-2022,C,2019
0.0,-0.0016169286855558043,Train,T700202-2020,C,2019
0.0,0.011319120962960985,Train,T141207-2017,C,2019
0.0,0.012879448968370621,Train,T250101-2018,C,2019
0.0,0.003997888427174983,Train,T160407-2018,C,2019
0.0,-0.00043126058466076353,Train,T730313-2017,C,2019
0.0,-0.011868636394753246,Train,T270202-2018,C,2019
0.0,-0.0018133905196999383,Train,T710103-2016,C,2019
0.0,0.004244793936673903,Train,T140804-2016,C,2019
0.0,0.027831900257177737,Train,T180406-2016,C,2019
0.0,0.021291138967286502,Train,T710611-2020,C,2019
0.0,-0.005149899264810632,Train,T720117-2015,C,2019
0.0,-0.005080948535944358,Train,T720107-2015,C,2019
0.0,0.003446032895565012,Train,T760615-2020,C,2019
0.0,-0.0012923467334381995,Train,T250204-2017,C,2019
0.0,0.016242465925581262,Train,T730611-2022,C,2019
0.0,0.01128505136739776,Train,T711303-2017,C,2019
0.0,-0.004547286309908928,Train,T760202-2015,C,2019
0.0,0.0040709953134104365,Train,T150608-2015,C,2019
0.0,0.002078256959655517,Train,T270502-2015,C,2019
0.0,-0.008202863947701854,Train,T160609-2015,C,2019
0.0,0.0012372370049817112,Train,T190701-2018,C,2019
0.0,0.006781383958658272,Train,T140806-2020,C,2019
0.0,0.007549843808925854,Train,T740115-2016,C,2019
0.0,0.005372455733132829,Train,T730405-2016,C,2019
0.0,0.0009344609104994781,Train,T180103-2015,C,2019
0.0,0.006222658442566754,Train,T170606-2018,C,2019
0.0,-0.0005689827384869941,Train,T700812-2022,C,2019
0.0,0.011071659050346055,Train,T120305-2021,C,2019
0.0,0.02059207434477737,Train,T160302-2020,C,2019
0.0,-0.0005678873629139318,Train,T700203-2022,C,2019
0.0,0.01429045023192806,Train,T710912-2020,C,2019
0.0,0.0009604514781905863,Train,T730307-2021,C,2019
0.0,0.022757397103428986,Train,T711303-2016,C,2019
0.0,0.0030150901983716826,Train,T270102-2015,C,2019
0.0,0.0009892879032132036,Train,T720715-2017,C,2019
0.0,-0.011369048920976675,Train,T160511-2018,C,2019
0.0,-0.002062514078660836,Train,T730403-2022,C,2019
0.0,0.004700953707030299,Train,T270503-2018,C,2019
0.0,-0.0012589905900149403,Train,T120306-2022,C,2019
0.0,0.009653277123754155,Train,T770601-2018,C,2019
0.0,0.018848457097632568,Train,T200406-2020,C,2019
0.0,0.01254108855108195,Train,T220204-2021,C,2019
0.0,-0.0007057372839861014,Train,T240510-2018,C,2019
0.0,0.010174974433875557,Train,T190301-2021,C,2019
0.0,0.014693812083649631,Train,T150305-2021,C,2019
0.0,0.007151668724995262,Train,T250208-2022,C,2019
0.0,-0.006864694326637432,Train,T160302-2022,C,2019
0.0,0.0010505394239373983,Train,T150203-2018,C,2019
0.0,-0.0015867508688251711,Train,T141003-2017,C,2019
0.0,0.011299390234853372,Train,T140420-2016,C,2019
0.0,-0.01399007531456201,Train,T250109-2016,C,2019
0.0,-0.008382201510656597,Train,T130502-2015,C,2019
0.0,0.004831146493721853,Train,T130706-2015,C,2019
0.0,0.009031404766620864,Train,T270501-2015,C,2019
0.0,-0.0004626759091450973,Train,T730504-2015,C,2019
0.0,-0.006281784540460071,Train,T730319-2018,C,2019
0.0,0.001530108216854836,Train,T250902-2015,C,2019
0.0,0.01021287031305942,Train,T190212-2021,C,2019
0.0,-0.0038408350482649926,Train,T250205-2017,C,2019
0.0,-0.0018993598080698966,Train,T141409-2018,C,2019
0.0,0.014704852373122983,Train,T190210-2021,C,2019
0.0,0.020652594282444245,Train,T270602-2015,C,2019
0.0,0.001369373660844808,Train,T760406-2017,C,2019
0.0,-0.006786432782678749,Train,T141409-2021,C,2019
0.0,0.019872388963410956,Train,T740203-2017,C,2019
0.0,0.011571052486690622,Train,T730121-2016,C,2019
0.0,-0.0062287512863750324,Train,T240601-2016,C,2019
0.0,0.0029493012270731794,Train,T700119-2016,C,2019
0.0,-0.013567922128148755,Train,T730702-2018,C,2019
0.0,0.0008418157743932652,Train,T180803-2018,C,2019
0.0,0.013818581392961046,Train,T700707-2020,C,2019
0.0,0.004239708428181283,Train,T720412-2018,C,2019
0.0,0.00289579795289528,Train,T180306-2015,C,2019
0.0,-0.003867745455334296,Train,T730309-2015,C,2019
0.0,0.0057931743663088,Train,T710203-2017,C,2019
0.0,-0.005439279345577729,Train,T720206-2018,C,2019
0.0,0.00374932351292692,Train,T760113-2020,C,2019
0.0,0.0005280704295940174,Train,T150507-2018,C,2019
0.0,0.015110329488739523,Train,T104603-2018,C,2019
0.0,0.0003330065389264572,Train,T150203-2020,C,2019
0.0,0.008003060518239177,Train,T140113-2020,C,2019
0.0,0.00621988430841699,Train,T141217-2022,C,2019
0.0,0.012467085705951352,Train,T190908-2022,C,2019
0.0,0.01621988660662582,Train,T230111-2021,C,2019
0.0,0.0010512701085698987,Train,T150307-2016,C,2019
0.0,0.0038995295017804892,Train,T720709-2016,C,2019
0.0,-0.005086699873126058,Train,T700709-2018,C,2019
0.0,-0.006912649873491026,Train,T140606-2021,C,2019
0.0,-0.0008243894471154755,Train,T141512-2020,C,2019
0.0,-0.0021659290560835814,Train,T170202-2017,C,2019
0.0,0.009266339454518232,Train,T710504-2017,C,2019
0.0,-0.01349204310090001,Train,T130203-2021,C,2019
0.0,-0.0009407000132476037,Train,T260304-2017,C,2019
0.0,0.012138041470513311,Train,T720413-2021,C,2019
0.0,0.0032720153990121346,Train,T711302-2022,C,2019
0.0,-0.0004497852565841171,Train,T260310-2020,C,2019
0.0,0.00984543504558843,Train,T140809-2017,C,2019
0.0,0.0021701694979883454,Train,T130602-2016,C,2019
0.0,-0.013666427555815274,Train,T760209-2015,C,2019
0.0,-0.007044796293434918,Train,T140515-2017,C,2019
0.0,0.010135779713140624,Train,T721006-2017,C,2019
0.0,0.0012212600682105662,Train,T760607-2020,C,2019
0.0,0.01620693354448495,Train,T250705-2016,C,2019
0.0,-0.009807662861229353,Train,T240411-2018,C,2019
0.0,0.03071135381344041,Train,T140703-2022,C,2019
0.0,0.006133199704581779,Train,T240508-2022,C,2019
0.0,0.008981875520877076,Train,T730401-2018,C,2019
0.0,0.006896464014903483,Train,T700715-2020,C,2019
0.0,-0.003456570156140626,Train,T160105-2016,C,2019
0.0,0.009490307102991497,Train,T200705-2020,C,2019
0.0,-0.006116714311493543,Train,T190310-2017,C,2019
0.0,0.006361831146625794,Train,T760109-2020,C,2019
0.0,0.0009781440415142248,Train,T190605-2016,C,2019
0.0,0.025811344781054214,Train,T200606-2022,C,2019
0.0,0.010285675528261803,Train,T160608-2017,C,2019
0.0,-0.005577299569742402,Train,T240302-2021,C,2019
0.0,-0.00780981091496363,Train,T270201-2017,C,2019
0.0,0.005214528926236759,Train,T160408-2016,C,2019
0.0,0.011068123630000298,Train,T720503-2015,C,2019
0.0,0.004476881645019583,Train,T191006-2015,C,2019
0.0,0.003041861586743519,Train,T160105-2022,C,2019
0.0,0.014525510332231305,Train,T700122-2020,C,2019
0.0,0.013476825197061414,Train,T100508-2022,C,2019
0.0,0.01960206617937441,Train,T160101-2017,C,2019
0.0,0.025049469865909675,Train,T190609-2020,C,2019
0.0,-0.005733553587007329,Train,T240503-2021,C,2019
0.0,0.009689314323778248,Train,T190215-2022,C,2019
0.0,0.005670339192876908,Train,T130407-2018,C,2019
0.0,-0.004191012569798123,Train,T160612-2018,C,2019
0.0,-0.008406602712002954,Train,T150415-2018,C,2019
0.0,-0.00990853478366552,Train,T720708-2015,C,2019
0.0,0.0011176491154593054,Train,T710608-2016,C,2019
0.0,-0.006336782726478238,Train,T170406-2018,C,2019
0.0,0.002772075490806372,Train,T730310-2016,C,2019
0.0,0.01185642309518055,Train,T220904-2015,C,2019
0.0,-6.0011905266042255e-05,Train,T130606-2021,C,2019
0.0,0.0019531118023792624,Train,T760512-2020,C,2019
0.0,-0.0028184870542609904,Train,T701001-2017,C,2019
0.0,-0.010144019905783406,Train,T710403-2018,C,2019
0.0,-0.005086128279523249,Train,T160608-2018,C,2019
0.0,0.00024169626492028394,Train,T240509-2017,C,2019
0.0,0.01384981355369779,Train,T710502-2017,C,2019
0.0,0.012062360659633847,Train,T210501-2021,C,2019
0.0,0.0026889108062816613,Train,T170204-2018,C,2019
0.0,0.012956551152148074,Train,T750309-2022,C,2019
0.0,-0.0017900517823276748,Train,T130606-2015,C,2019
0.0,-0.0011470302904315747,Train,T200205-2015,C,2019
0.0,-0.01631625604799046,Train,T230401-2018,C,2019
0.0,0.009989666116014945,Train,T160121-2016,C,2019
0.0,0.024505849557570406,Train,T140615-2016,C,2019
0.0,0.010042087235563381,Train,T141408-2017,C,2019
0.0,0.0038139348788038,Train,T130606-2016,C,2019
0.0,0.00040817445282782144,Train,T700301-2022,C,2019
0.0,0.012738983830603812,Train,T221004-2016,C,2019
0.0,-0.004539738501251468,Train,T270309-2018,C,2019
0.0,0.0031810312305873174,Train,T141210-2020,C,2019
0.0,0.01928773174314034,Train,T180404-2020,C,2019
0.0,0.011956945934494194,Train,T150112-2020,C,2019
0.0,0.00612814358415409,Train,T190603-2020,C,2019
0.0,0.008782622560239787,Train,T180203-2021,C,2019
0.0,0.001180391350015467,Train,T270608-2021,C,2019
0.0,0.002893023174756843,Train,T150504-2017,C,2019
0.0,0.003421676944147332,Train,T160608-2015,C,2019
0.0,-0.002071878509080044,Train,T710105-2020,C,2019
0.0,0.02593909438619756,Train,T770805-2020,C,2019
0.0,-0.02563186844535724,Train,T700718-2020,C,2019
0.0,-0.0031136767882391325,Train,T150504-2018,C,2019
0.0,0.02505349943404239,Train,T200406-2022,C,2019
0.0,0.004816840900957568,Train,T201004-2016,C,2019
0.0,0.008563689481441478,Train,T190508-2018,C,2019
0.0,0.003413706251448318,Train,T240505-2015,C,2019
0.0,-0.0042449568433795114,Train,T140120-2016,C,2019
0.0,0.0035276958971322847,Train,T190509-2018,C,2019
0.0,-0.0004691759837866619,Train,T191012-2017,C,2019
0.0,0.012771192569461189,Train,T190101-2018,C,2019
0.0,0.003925952337260127,Train,T200603-2016,C,2019
0.0,0.02143086693820443,Train,T710506-2020,C,2019
0.0,-0.0020375391277274156,Train,T130206-2021,C,2019
0.0,0.010187932601295538,Train,T104605-2017,C,2019
0.0,0.014782909686555655,Train,T740310-2022,C,2019
0.0,0.004207339143192995,Train,T260306-2020,C,2019
0.0,0.017398980385007375,Train,T270105-2015,C,2019
0.0,0.009884273402046206,Train,T250807-2022,C,2019
0.0,0.008031397360855366,Train,T710105-2016,C,2019
0.0,-0.014992799392839396,Train,T730106-2015,C,2019
0.0,0.024128912960875895,Train,T141410-2022,C,2019
0.0,0.012104492840993885,Train,T150110-2016,C,2019
0.0,0.01723713903129203,Train,T720210-2021,C,2019
0.0,-0.004694756923748973,Train,T710308-2022,C,2019
0.0,-0.0030534445330265333,Train,T270203-2015,C,2019
0.0,0.008972190930024817,Train,T700513-2022,C,2019
0.0,0.021078635304219072,Train,T160511-2020,C,2019
0.0,0.011279700551637743,Train,T240208-2022,C,2019
0.0,0.004881799736244374,Train,T730316-2016,C,2019
0.0,-0.001964097560937729,Train,T141207-2022,C,2019
0.0,7.099584407111039e-05,Train,T730402-2016,C,2019
0.0,-0.0004078072079242358,Train,T141109-2017,C,2019
0.0,0.0334960599798643,Train,T220902-2022,C,2019
0.0,0.0113378570130251,Train,T700205-2021,C,2019
0.0,0.02498314004154369,Train,T130703-2016,C,2019
0.0,0.005296993682976229,Train,T730318-2015,C,2019
0.0,0.013621367975561285,Train,T210311-2016,C,2019
0.0,-0.0001018885696668217,Train,T241104-2017,C,2019
0.0,0.0029028714653255494,Train,T130306-2018,C,2019
0.0,0.015700036706631473,Train,T270703-2018,C,2019
0.0,0.018635439259313942,Train,T180802-2020,C,2019
0.0,0.020100094462883904,Train,T220606-2020,C,2019
0.0,0.0010389287530898543,Train,T760406-2022,C,2019
0.0,0.013286910779582327,Train,T220404-2021,C,2019
0.0,-0.00281399488084818,Train,T270106-2018,C,2019
0.0,0.013765609431367141,Train,T760615-2022,C,2019
0.0,0.0025678074880706976,Train,T260305-2020,C,2019
0.0,0.011316040113829374,Train,T220606-2015,C,2019
0.0,0.03266381770069004,Train,T150605-2021,C,2019
0.0,0.0016129698309104777,Train,T260402-2022,C,2019
0.0,-0.009953041172112589,Train,T160206-2017,C,2019
0.0,-0.0030712502375269536,Train,T200607-2016,C,2019
0.0,0.0026632530193268626,Train,T720307-2017,C,2019
0.0,0.0006993564023713603,Train,T170404-2015,C,2019
0.0,-0.0056042880649587856,Train,T190406-2015,C,2019
0.0,-0.006899553613086114,Train,T140408-2015,C,2019
0.0,-0.00558086543776803,Train,T170603-2015,C,2019
0.0,-0.005978492891952613,Train,T190106-2021,C,2019
0.0,0.0013033233329816335,Train,T760803-2017,C,2019
0.0,0.004733649695131913,Train,T240208-2015,C,2019
0.0,-0.0018060122317110643,Train,T760705-2015,C,2019
0.0,0.014141012002961433,Train,T220110-2017,C,2019
0.0,0.009070095102284218,Train,T250809-2020,C,2019
0.0,0.012275385013902082,Train,T120304-2018,C,2019
0.0,-0.0028072278460559855,Train,T260105-2015,C,2019
0.0,-0.008844446375535303,Train,T141406-2017,C,2019
0.0,0.0004199112997908558,Train,T191301-2020,C,2019
0.0,-0.006329371307645776,Train,T240112-2021,C,2019
0.0,0.004211968846788741,Train,T270507-2021,C,2019
0.0,-0.001743533235882711,Train,T270701-2022,C,2019
0.0,0.013122274421673559,Train,T230111-2018,C,2019
0.0,-0.006766076501285094,Train,T160305-2018,C,2019
0.0,-0.01237808541242769,Train,T700603-2015,C,2019
0.0,-0.002710328702058345,Train,T230109-2018,C,2019
0.0,0.012566640345399742,Train,T230302-2015,C,2019
0.0,0.030192818159368095,Train,T180104-2022,C,2019
0.0,-0.004121415228992776,Train,T220404-2017,C,2019
0.0,-0.007523185894794434,Train,T120504-2016,C,2019
0.0,-0.008830223827838586,Train,T700807-2016,C,2019
0.0,0.0009573452891236483,Train,T160109-2017,C,2019
0.0,-0.01205290249204122,Train,T700809-2022,C,2019
0.0,0.0019929315177246577,Train,T120502-2020,C,2019
0.0,-0.004965171222023231,Train,T710302-2018,C,2019
0.0,0.0037594332657853087,Train,T270207-2018,C,2019
0.0,0.008722433737224112,Train,T210312-2016,C,2019
0.0,-0.00018815243804472327,Train,T190314-2015,C,2019
0.0,0.020200666690226264,Train,T140418-2020,C,2019
0.0,0.022620634598890216,Train,T140305-2022,C,2019
0.0,-0.01377541890646237,Train,T180704-2022,C,2019
0.0,0.0032490014541794025,Train,T180607-2017,C,2019
0.0,0.006267203654136136,Train,T760617-2022,C,2019
0.0,0.007952595665834124,Train,T250904-2022,C,2019
0.0,-0.0066052942526818835,Train,T180102-2015,C,2019
0.0,0.013681315591260157,Train,T190802-2017,C,2019
0.0,-0.0008729579571118243,Train,T130306-2021,C,2019
0.0,0.01660947277446173,Train,T700504-2022,C,2019
0.0,0.003476675462420956,Train,T191012-2022,C,2019
0.0,-0.0029540340034533504,Train,T730407-2015,C,2019
0.0,-0.011260816094827809,Train,T730308-2018,C,2019
0.0,-0.001959041783097044,Train,T150308-2015,C,2019
0.0,0.031316264527317526,Train,T140813-2017,C,2019
0.0,0.006216934230187081,Train,T760115-2018,C,2019
0.0,-0.004920476136418447,Train,T260306-2015,C,2019
0.0,0.004850442083699748,Train,T220703-2017,C,2019
0.0,0.004979934591090722,Train,T770607-2017,C,2019
0.0,0.0032910158876281476,Train,T141101-2018,C,2019
0.0,0.0085467974126428,Train,T180106-2017,C,2019
0.0,-0.004237686570588757,Train,T190208-2020,C,2019
0.0,0.019614119209738254,Train,T140615-2022,C,2019
0.0,0.0263338017438405,Train,T240607-2017,C,2019
0.0,0.008778262745332985,Train,T160107-2022,C,2019
0.0,0.006981413408750468,Train,T730315-2021,C,2019
0.0,-0.0026337614811080424,Train,T270206-2022,C,2019
0.0,-0.0026688859960953453,Train,T250901-2022,C,2019
0.0,0.001690850680881744,Train,T170503-2015,C,2019
0.0,0.011832520310817137,Train,T250809-2017,C,2019
0.0,0.008293153462467432,Train,T190310-2022,C,2019
0.0,-0.002102330272270822,Train,T200502-2017,C,2019
0.0,0.006343340518065954,Train,T250809-2022,C,2019
0.0,0.008145235287317913,Train,T240208-2016,C,2019
0.0,0.01784104211113104,Train,T221005-2017,C,2019
0.0,0.009340575933335316,Train,T190303-2020,C,2019
0.0,0.0057998913742314225,Train,T260409-2017,C,2019
0.0,0.03845778872745517,Train,T250101-2022,C,2019
0.0,0.007543211820846295,Train,T700502-2021,C,2019
0.0,0.013371509774688045,Train,T130107-2016,C,2019
0.0,-0.007472273422878081,Train,T740203-2020,C,2019
0.0,0.020315891644657913,Train,T190313-2016,C,2019
0.0,0.010562013276217683,Train,T250904-2015,C,2019
0.0,0.0019785433212156246,Train,T260203-2018,C,2019
0.0,0.006724071247873383,Train,T770405-2018,C,2019
0.0,0.003087080717166614,Train,T250110-2020,C,2019
0.0,0.009468809648110442,Train,T250902-2018,C,2019
0.0,-0.0071592708193774415,Train,T120610-2018,C,2019
0.0,-0.007680927695320126,Train,T140702-2020,C,2019
0.0,-0.0020303474569342886,Train,T710206-2017,C,2019
0.0,0.00040277191551392857,Train,T210106-2018,C,2019
0.0,0.003190779055451927,Train,T730210-2017,C,2019
0.0,3.316280304780857e-05,Train,T170201-2020,C,2019
0.0,0.0007079206383094401,Train,T160504-2020,C,2019
0.0,-0.00528687519139483,Train,T241001-2020,C,2019
0.0,-0.00957723334414762,Train,T240307-2021,C,2019
0.0,0.010417795470494892,Train,T700103-2017,C,2019
0.0,0.001029996530343178,Train,T141003-2015,C,2019
0.0,0.0034781002727249707,Train,T700112-2016,C,2019
0.0,0.0019520941888653029,Train,T720802-2018,C,2019
0.0,0.018518493275022942,Train,T240511-2016,C,2019
0.0,0.005349150124223185,Train,T200407-2021,C,2019
0.0,0.011623832358648344,Train,T140511-2017,C,2019
0.0,0.010049710696559883,Train,T140205-2020,C,2019
0.0,0.003284007172588481,Train,T190205-2020,C,2019
0.0,0.01654641033843253,Train,T180302-2016,C,2019
0.0,0.0079216916536022,Train,T240702-2018,C,2019
0.0,0.002157569773566518,Train,T250602-2016,C,2019
0.0,0.011626205408072875,Train,T130602-2020,C,2019
0.0,-0.0025025429335341115,Train,T730701-2021,C,2019
0.0,0.006130065446818935,Train,T250609-2016,C,2019
0.0,-0.0018074950505500783,Train,T150105-2020,C,2019
0.0,0.004060688756788267,Train,T190215-2016,C,2019
0.0,-0.004051427299228574,Train,T210309-2022,C,2019
0.0,-0.0013723161828489334,Train,T730320-2021,C,2019
0.0,-0.005097408749087102,Train,T141001-2017,C,2019
0.0,0.0015015326780049168,Train,T750310-2017,C,2019
0.0,-0.004253604671356833,Train,T760109-2016,C,2019
0.0,0.028291405846806207,Train,T140512-2016,C,2019
0.0,-0.014415406991101179,Train,T190904-2017,C,2019
0.0,0.02155074233894941,Train,T241001-2015,C,2019
0.0,8.377304349354424e-05,Train,T160611-2018,C,2019
0.0,-0.006968359311311481,Train,T270504-2021,C,2019
0.0,0.013302892728434226,Train,T240302-2022,C,2019
0.0,-0.0008722235583844334,Train,T101001-2017,C,2019
0.0,-0.0010567932631214436,Train,T140204-2016,C,2019
0.0,-0.0019651779081413592,Train,T710612-2018,C,2019
0.0,-0.00805201085646715,Train,T710511-2017,C,2019
0.0,0.02704096335109918,Train,T760210-2018,C,2019
0.0,0.005730724428662637,Train,T250112-2021,C,2019
0.0,0.0018740689649708118,Train,T141603-2018,C,2019
0.0,0.001060044558871554,Train,T270406-2018,C,2019
0.0,-0.006239061530510224,Train,T700109-2020,C,2019
0.0,-0.006023434488224479,Train,T760515-2017,C,2019
0.0,0.004298228448116926,Train,T700903-2015,C,2019
0.0,0.006930568929524047,Train,T180701-2015,C,2019
0.0,-0.004044461930276626,Train,T190110-2015,C,2019
0.0,-0.010335700220114761,Train,T710517-2015,C,2019
0.0,-0.0013418631598405592,Train,T140613-2020,C,2019
0.0,0.004134717677335589,Train,T730125-2015,C,2019
0.0,0.015191976381568668,Train,T201005-2022,C,2019
0.0,0.006531922188473793,Train,T720104-2016,C,2019
0.0,0.007666464366367773,Train,T710613-2022,C,2019
0.0,0.014450060244458066,Train,T150415-2016,C,2019
0.0,0.016380167678307533,Train,T160202-2015,C,2019
0.0,-0.007878055741999266,Train,T730118-2020,C,2019
0.0,0.002879926775092361,Train,T190111-2017,C,2019
0.0,0.014172944597968192,Train,T190203-2021,C,2019
0.0,0.006749932137018861,Train,T260307-2015,C,2019
0.0,0.00988760961264504,Train,T760704-2017,C,2019
0.0,-0.006210105348607323,Train,T710203-2020,C,2019
0.0,0.01993708467942856,Train,T730319-2021,C,2019
0.0,0.014887898052847997,Train,T700715-2017,C,2019
0.0,0.007815488712606653,Train,T730312-2015,C,2019
0.0,0.016509658591966986,Train,T770206-2022,C,2019
0.0,0.012973174671799103,Train,T720507-2017,C,2019
0.0,-6.390787669447031e-05,Train,T720505-2018,C,2019
0.0,0.003759417617664318,Train,T720908-2018,C,2019
0.0,0.0001043816476782789,Train,T720203-2020,C,2019
0.0,0.02158759398437732,Train,T720903-2022,C,2019
0.0,-0.00459168703427092,Train,T140905-2017,C,2019
0.0,0.021654666254188954,Train,T150209-2020,C,2019
0.0,0.015311674844208284,Train,T150302-2021,C,2019
0.0,0.028108491486185543,Train,T210312-2021,C,2019
0.0,-0.002318636407660961,Train,T250604-2020,C,2019
0.0,0.015606171079037206,Train,T120606-2017,C,2019
0.0,0.005428422977188814,Train,T160122-2020,C,2019
0.0,0.0071884066033987845,Train,T700112-2018,C,2019
0.0,-0.010511458663493912,Train,T240306-2020,C,2019
0.0,0.003151078127017784,Train,T720801-2020,C,2019
0.0,0.01893254167523548,Train,T730701-2020,C,2019
0.0,-0.007380894757963371,Train,T260109-2018,C,2019
0.0,-0.006853348219402435,Train,T740210-2018,C,2019
0.0,0.018572830725230038,Train,T240213-2020,C,2019
0.0,0.010924374901885034,Train,T260309-2015,C,2019
0.0,0.0046118700255296146,Train,T180306-2018,C,2019
0.0,0.008353090896914533,Train,T710401-2017,C,2019
0.0,-0.0007907653716669379,Train,T270105-2018,C,2019
0.0,0.007588586449137243,Train,T250211-2018,C,2019
0.0,-0.002240688915108376,Train,T160502-2017,C,2019
0.0,0.0025809997509276517,Train,T250704-2017,C,2019
0.0,-0.010352570596568479,Train,T770602-2015,C,2019
0.0,0.01367141974478005,Train,T270306-2022,C,2019
0.0,0.013505002390344441,Train,T260206-2016,C,2019
0.0,0.0017187630423288426,Train,T141509-2020,C,2019
0.0,-0.0003177014381942744,Train,T720117-2016,C,2019
0.0,0.010384049072996789,Train,T720103-2021,C,2019
0.0,0.01989001083062964,Train,T760709-2022,C,2019
0.0,-0.005675694370007504,Train,T720507-2015,C,2019
0.0,-0.0029579132519858145,Train,T720204-2018,C,2019
0.0,0.002875278516084962,Train,T140904-2022,C,2019
0.0,0.00514904753288165,Train,T770705-2017,C,2019
0.0,0.01965731140189162,Train,T240607-2015,C,2019
0.0,0.0017914750455243916,Train,T760614-2016,C,2019
0.0,0.006066657861847113,Train,T190906-2021,C,2019
0.0,0.004552010459196898,Train,T730609-2016,C,2019
0.0,-0.005485008969118338,Train,T720103-2018,C,2019
0.0,-0.006387691101810541,Train,T700504-2017,C,2019
0.0,-0.00227407060226934,Train,T250803-2016,C,2019
0.0,0.003609303044164506,Train,T190206-2016,C,2019
0.0,0.010672156175661019,Train,T140712-2020,C,2019
0.0,-0.0013700515419677352,Train,T270105-2016,C,2019
0.0,-0.0003352134448088992,Train,T730123-2021,C,2019
0.0,0.0074388932437623205,Train,T730405-2021,C,2019
0.0,0.030241469832217042,Train,T160501-2016,C,2019
0.0,0.0035868230097053856,Train,T190303-2022,C,2019
0.0,0.007465111678636448,Train,T190509-2021,C,2019
0.0,-0.00026137539707835365,Train,T220311-2022,C,2019
0.0,0.012873767448248896,Train,T720411-2021,C,2019
0.0,0.0023194504993493343,Train,T190304-2018,C,2019
0.0,-0.0030844710066639724,Train,T700201-2017,C,2019
0.0,-0.002555142258059193,Train,T141103-2022,C,2019
0.0,-0.011954131080862594,Train,T190907-2018,C,2019
0.0,0.007887064250415556,Train,T710405-2016,C,2019
0.0,-0.004148006543378473,Train,T260406-2017,C,2019
0.0,-0.004645296127115391,Train,T100302-2021,C,2019
0.0,-0.003314410233401192,Train,T710905-2022,C,2019
0.0,0.020275835752602167,Train,T141215-2020,C,2019
0.0,0.004795014787697242,Train,T240703-2017,C,2019
0.0,0.002481404584204837,Train,T700903-2016,C,2019
0.0,0.019212784422178136,Train,T140312-2022,C,2019
0.0,0.026474697152037735,Train,T160612-2021,C,2019
0.0,0.008666556001156943,Train,T270306-2016,C,2019
0.0,-0.005690419111949645,Train,T720702-2018,C,2019
0.0,-0.0034951427343043666,Train,T250107-2015,C,2019
0.0,0.01393405070397203,Train,T141509-2016,C,2019
0.0,0.009672950549633632,Train,T140405-2018,C,2019
0.0,-0.010530298184858743,Train,T260406-2015,C,2019
0.0,-0.003944005857039647,Train,T730309-2022,C,2019
0.0,0.004163998307385572,Train,T730613-2016,C,2019
0.0,-0.0008271299826243946,Train,T200604-2022,C,2019
0.0,0.00406737545320292,Train,T720603-2022,C,2019
0.0,0.010529465380324725,Train,T250106-2017,C,2019
0.0,0.005316869268480871,Train,T200611-2015,C,2019
0.0,0.007000792743509881,Train,T220903-2020,C,2019
0.0,-0.00544139876914253,Train,T270103-2021,C,2019
0.0,0.003939766725192635,Train,T140908-2020,C,2019
0.0,0.002886084285760123,Train,T730609-2018,C,2019
0.0,-0.00017975690430389673,Train,T260205-2017,C,2019
0.0,0.021120992327530574,Train,T700605-2018,C,2019
0.0,0.0019990644260504714,Train,T700118-2016,C,2019
0.0,0.010299146122866481,Train,T240108-2015,C,2019
0.0,-0.005568312041857307,Train,T720604-2016,C,2019
0.0,0.01232140165669595,Train,T110601-2018,C,2019
0.0,0.002466558940364979,Train,T730201-2017,C,2019
0.0,-0.008403717499530476,Train,T730314-2018,C,2019
0.0,-0.008114696474183322,Train,T200205-2020,C,2019
0.0,-0.0060372731292285,Train,T240402-2015,C,2019
0.0,0.002115903613047242,Train,T260107-2016,C,2019
0.0,-0.004513906748177685,Train,T220704-2020,C,2019
0.0,-0.00394702978235477,Train,T120405-2018,C,2019
0.0,-0.014754307763487559,Train,T210302-2018,C,2019
0.0,0.000375606182927396,Train,T250301-2017,C,2019
0.0,-0.0036401547684481615,Train,T730405-2015,C,2019
0.0,-0.017448960087340443,Train,T770803-2022,C,2019
0.0,-0.005647748201728198,Train,T250305-2016,C,2019
0.0,0.011703499873838914,Train,T160318-2022,C,2019
0.0,0.010859498764210955,Train,T160304-2022,C,2019
0.0,-0.0003170779519450619,Train,T130207-2022,C,2019
0.0,0.0015567980954673882,Train,T141212-2017,C,2019
0.0,0.008519522142328793,Train,T260206-2022,C,2019
0.0,0.02184837090984569,Train,T720405-2016,C,2019
0.0,-0.0017403766859115178,Train,T120507-2016,C,2019
0.0,0.0006724049485765657,Train,T150405-2022,C,2019
0.0,0.02547128345702048,Train,T250609-2018,C,2019
0.0,-0.005124825588336491,Train,T101105-2016,C,2019
0.0,0.009450327238286375,Train,T260109-2021,C,2019
0.0,-0.004263513067946056,Train,T140605-2018,C,2019
0.0,0.044036325956242364,Train,T710501-2015,C,2019
0.0,0.02370651438626493,Train,T190113-2015,C,2019
0.0,-0.006438670617906327,Train,T160502-2018,C,2019
0.0,0.0015077753302429112,Train,T140808-2018,C,2019
0.0,0.013285439114507414,Train,T720910-2017,C,2019
0.0,0.00798559746951069,Train,T250214-2015,C,2019
0.0,0.01763452617548554,Train,T190110-2016,C,2019
0.0,-0.008210064513403679,Train,T130606-2017,C,2019
0.0,-0.006406308012276756,Train,T720715-2022,C,2019
0.0,-0.0019642197921424455,Train,T740206-2015,C,2019
0.0,-0.007490292706398522,Train,T140403-2021,C,2019
0.0,0.012893740839623514,Train,T760501-2022,C,2019
0.0,0.02621262753395171,Train,T240513-2015,C,2019
0.0,0.009415104665726025,Train,T750310-2021,C,2019
0.0,-0.00467904089329471,Train,T240109-2018,C,2019
0.0,0.008858240727169536,Train,T730206-2022,C,2019
0.0,0.0009562479069348752,Train,T720113-2015,C,2019
0.0,-0.0019152824408589894,Train,T104202-2015,C,2019
0.0,-0.0003323905144950703,Train,T140601-2015,C,2019
0.0,-0.005359819463369287,Train,T140110-2022,C,2019
0.0,0.026170759735129015,Train,T120609-2018,C,2019
0.0,0.004457436528307457,Train,T720402-2021,C,2019
0.0,0.002155642376139948,Train,T730102-2017,C,2019
0.0,0.013657704254178603,Train,T161002-2022,C,2019
0.0,0.016042990143628956,Train,T720506-2021,C,2019
0.0,-0.004395003935305126,Train,T710116-2018,C,2019
0.0,0.0042650835121243805,Train,T270701-2015,C,2019
0.0,-0.005425403015586506,Train,T100307-2016,C,2019
0.0,0.006759035638368608,Train,T200614-2016,C,2019
0.0,-0.009204657400605198,Train,T250112-2018,C,2019
0.0,0.00996524630265173,Train,T160124-2017,C,2019
0.0,0.024539287441232436,Train,T130105-2015,C,2019
0.0,0.009606032270689568,Train,T190306-2022,C,2019
0.0,0.00047434304180676444,Train,T230502-2022,C,2019
0.0,-0.00481468286186084,Train,T250101-2021,C,2019
0.0,0.015988420974015365,Train,T180609-2015,C,2019
0.0,0.007776603385218584,Train,T250607-2021,C,2019
0.0,0.00733930212690742,Train,T220606-2022,C,2019
0.0,-0.011342195311043203,Train,T730612-2021,C,2019
0.0,0.0016847915786999568,Train,T700109-2017,C,2019
0.0,0.013146241897048487,Train,T130708-2017,C,2019
0.0,0.0006313565713355597,Train,T140508-2018,C,2019
0.0,0.0020907910720903075,Train,T730614-2015,C,2019
0.0,0.014414681197000935,Train,T250810-2017,C,2019
0.0,-0.009643623153143037,Train,T730112-2015,C,2019
0.0,-0.010268409794226701,Train,T710607-2018,C,2019
0.0,-0.011702692446774089,Train,T140209-2018,C,2019
0.0,0.030027277972129486,Train,T191010-2015,C,2019
0.0,0.008482603737032673,Train,T120301-2017,C,2019
0.0,-0.0038729190093497417,Train,T720102-2015,C,2019
0.0,0.013632627588860247,Train,T160207-2017,C,2019
0.0,0.011120201393834649,Train,T720408-2021,C,2019
0.0,-0.0019172120546516991,Train,T240511-2018,C,2019
0.0,0.024897746446201775,Train,T700107-2022,C,2019
0.0,-0.0005524422812970579,Train,T200407-2015,C,2019
0.0,0.0011343206329121377,Train,T190204-2022,C,2019
0.0,0.007119195628897333,Train,T210504-2020,C,2019
0.0,0.00943433392126636,Train,T220103-2022,C,2019
0.0,0.008638220462357935,Train,T720305-2022,C,2019
0.0,0.022605518335866052,Train,T150203-2017,C,2019
0.0,-0.00637604556941504,Train,T160419-2015,C,2019
0.0,-0.0035715813886472354,Train,T770206-2021,C,2019
0.0,0.014726260033301537,Train,T160616-2022,C,2019
0.0,-0.004251396952424998,Train,T760207-2020,C,2019
0.0,-0.010904835274605134,Train,T270201-2018,C,2019
0.0,0.00458778890828753,Train,T250214-2016,C,2019
0.0,-0.008279278849726951,Train,T160411-2020,C,2019
0.0,0.015934992320867272,Train,T270508-2021,C,2019
0.0,0.0061500742680854065,Train,T240701-2016,C,2019
0.0,0.009217155945915828,Train,T100306-2021,C,2019
0.0,0.016043546964395874,Train,T250105-2015,C,2019
0.0,0.005259587246287263,Train,T760606-2020,C,2019
0.0,-0.0005053470990593545,Train,T190507-2016,C,2019
0.0,0.0028526793576038804,Train,T270605-2017,C,2019
0.0,-0.0038577541481045453,Train,T270607-2021,C,2019
0.0,0.006429869229836766,Train,T760113-2015,C,2019
0.0,0.0027116300145527596,Train,T140406-2022,C,2019
0.0,0.004549409463016131,Train,T120408-2022,C,2019
0.0,0.00015333931612143003,Train,T120404-2015,C,2019
0.0,0.013385818142536351,Train,T160206-2016,C,2019
0.0,0.017024312803179047,Train,T180404-2018,C,2019
0.0,-0.007825655735686412,Train,T730306-2015,C,2019
0.0,-0.010173768609962405,Train,T710108-2018,C,2019
0.0,0.008686081272691968,Train,T160207-2016,C,2019
0.0,-0.0027110823675393723,Train,T150615-2015,C,2019
0.0,0.007348777445900213,Train,T270502-2021,C,2019
0.0,0.007540637298994754,Train,T730615-2016,C,2019
0.0,0.004253228187747535,Train,T720306-2020,C,2019
0.0,0.010673105884908492,Train,T760702-2021,C,2019
0.0,-0.011106123660592285,Train,T140903-2020,C,2019
0.0,0.015352354312924487,Train,T270401-2017,C,2019
0.0,-0.006436272618935675,Train,T270801-2017,C,2019
0.0,0.02315256361349127,Train,T190110-2021,C,2019
0.0,0.005257404245912962,Train,T190502-2017,C,2019
0.0,-0.00048255964138565794,Train,T710904-2017,C,2019
0.0,-0.008242866590574513,Train,T130207-2015,C,2019
0.0,0.005018836617710725,Train,T161004-2021,C,2019
0.0,0.012106101327062174,Train,T710110-2018,C,2019
0.0,-0.005455851871988193,Train,T160509-2015,C,2019
0.0,-0.009658109048011976,Train,T160610-2020,C,2019
0.0,-0.0013756465432006376,Train,T220404-2015,C,2019
0.0,-0.006787386440714978,Train,T141214-2015,C,2019
0.0,0.009941604134870462,Train,T730613-2017,C,2019
0.0,0.013970131452356087,Train,T270309-2016,C,2019
0.0,0.006880931064613158,Train,T130105-2022,C,2019
0.0,-0.0049162864974387375,Train,T770803-2017,C,2019
0.0,0.0015330146250459504,Train,T141507-2015,C,2019
0.0,-0.006872547070657205,Train,T760120-2020,C,2019
0.0,0.0016793017775753151,Train,T130305-2016,C,2019
0.0,-0.01233919037443637,Train,T710301-2015,C,2019
0.0,0.010298228069006881,Train,T760604-2018,C,2019
0.0,-0.01794983226606335,Train,T260310-2015,C,2019
0.0,-0.013819547553639651,Train,T270506-2017,C,2019
0.0,0.01735496028826046,Train,T250804-2022,C,2019
0.0,0.018392463866779,Train,T170301-2016,C,2019
0.0,-0.005823173890227416,Train,T730125-2020,C,2019
0.0,0.012725156891229683,Train,T141214-2018,C,2019
0.0,0.012568791511628786,Train,T220108-2015,C,2019
0.0,-0.004788568264350756,Train,T270401-2016,C,2019
0.0,-0.007305320275896483,Train,T130507-2015,C,2019
0.0,0.010296435480564156,Train,T141214-2021,C,2019
0.0,-0.00017417785837756913,Train,T760605-2018,C,2019
0.0,0.06263862425986096,Train,T101102-2015,C,2019
0.0,-0.0031281983406307185,Train,T201002-2018,C,2019
0.0,0.01217483295755657,Train,T711102-2017,C,2019
0.0,0.014504250906112987,Train,T240304-2016,C,2019
0.0,0.023575609374033392,Train,T220606-2018,C,2019
0.0,0.008163903952536,Train,T710512-2020,C,2019
0.0,0.005879758442599748,Train,T270506-2016,C,2019
0.0,-0.010269765628124974,Train,T730505-2015,C,2019
0.0,-0.0042565898362478555,Train,T760512-2015,C,2019
0.0,0.004545811395619151,Train,T700107-2017,C,2019
0.0,0.002355015919345192,Train,T720107-2020,C,2019
0.0,0.00013219282642271203,Train,T140210-2015,C,2019
0.0,0.013403376948583547,Train,T730405-2018,C,2019
0.0,0.003883792659376015,Train,T160422-2022,C,2019
0.0,-0.0008649389293810517,Train,T730114-2020,C,2019
0.0,-0.006242881078646167,Train,T190602-2018,C,2019
0.0,0.0010433370427872077,Train,T720205-2015,C,2019
0.0,0.011719878806049315,Train,T730315-2016,C,2019
0.0,0.0001906963126897908,Train,T270504-2016,C,2019
0.0,0.008179481024218312,Train,T180407-2017,C,2019
0.0,0.001801946295341359,Train,T730121-2020,C,2019
0.0,0.01903135304741408,Train,T130711-2022,C,2019
0.0,-0.003971470740975332,Train,T160503-2017,C,2019
0.0,0.002913265916639015,Train,T140502-2018,C,2019
0.0,0.007600520393369394,Train,T180407-2020,C,2019
0.0,0.003519792031753296,Train,T220501-2016,C,2019
0.0,-0.001447272976789992,Train,T730613-2020,C,2019
0.0,-0.008098863080962176,Train,T730123-2020,C,2019
0.0,0.020561009734414562,Train,T130706-2016,C,2019
0.0,0.021809579281248322,Train,T140109-2020,C,2019
0.0,-0.011378664833422229,Train,T190402-2020,C,2019
0.0,-0.003255947953878547,Train,T730612-2017,C,2019
0.0,0.0022737157034426023,Train,T140121-2018,C,2019
0.0,-0.001331260367699253,Train,T710705-2022,C,2019
0.0,0.025362003293559348,Train,T160107-2021,C,2019
0.0,-0.004625479967546086,Train,T700806-2016,C,2019
0.0,0.011889262343801357,Train,T720705-2021,C,2019
0.0,-0.0015962867184343204,Train,T710705-2020,C,2019
0.0,0.009117933635096881,Train,T160620-2017,C,2019
0.0,0.021170763975275356,Train,T110208-2017,C,2019
0.0,-0.0014873796987498805,Train,T260411-2021,C,2019
0.0,-0.005667825468979522,Train,T760111-2015,C,2019
0.0,-0.003990242978563214,Train,T180106-2018,C,2019
0.0,0.006293606785881374,Train,T170502-2022,C,2019
0.0,-0.0026284068201672577,Train,T200613-2020,C,2019
0.0,0.015098705865520836,Train,T730215-2016,C,2019
0.0,0.008681366516397046,Train,T191005-2020,C,2019
0.0,-0.003303595175038517,Train,T140707-2016,C,2019
0.0,-0.003126129930288095,Train,T220203-2021,C,2019
0.0,0.005093812233990294,Train,T720205-2020,C,2019
0.0,0.022248434979596037,Train,T160801-2017,C,2019
0.0,0.019452602474651557,Train,T240402-2020,C,2019
0.0,0.011895807788919147,Train,T220202-2015,C,2019
0.0,-0.0024187597550658292,Train,T140511-2020,C,2019
0.0,-0.011484166923804514,Train,T710503-2020,C,2019
0.0,0.0014138620112159792,Train,T710514-2022,C,2019
0.0,0.019739381388432273,Train,T730123-2016,C,2019
0.0,-0.00042854210413653877,Train,T770304-2022,C,2019
0.0,0.0011029585011295459,Train,T720118-2022,C,2019
0.0,-0.004479602237923392,Train,T730513-2020,C,2019
0.0,-0.015766017710977777,Train,T260113-2017,C,2019
0.0,-0.0016657590765678887,Train,T270202-2017,C,2019
0.0,0.016495898880184694,Train,T110207-2017,C,2019
0.0,-2.489702916590804e-05,Train,T220202-2017,C,2019
0.0,-0.0011295219180271737,Train,T141208-2021,C,2019
0.0,-0.008950754185814801,Train,T190301-2016,C,2019
0.0,0.007380252796404878,Train,T190311-2021,C,2019
0.0,0.01307851976279138,Train,T140310-2017,C,2019
0.0,0.0065115134641711165,Train,T720407-2016,C,2019
0.0,0.004400095265347814,Train,T120610-2016,C,2019
0.0,0.008101643189111945,Train,T150414-2017,C,2019
0.0,-0.008519805021723179,Train,T190702-2020,C,2019
0.0,0.021831283716233267,Train,T190501-2015,C,2019
0.0,-0.012246598259480173,Train,T760614-2018,C,2019
0.0,-0.002775919628944138,Train,T150404-2015,C,2019
0.0,0.015160144487211348,Train,T710702-2016,C,2019
0.0,0.0029858098765013466,Train,T240803-2017,C,2019
0.0,-0.0018912961540737704,Train,T220906-2016,C,2019
0.0,-0.0010350476169451936,Train,T190108-2015,C,2019
0.0,0.00563521830900593,Train,T220702-2017,C,2019
0.0,-0.01431399058778989,Train,T700204-2018,C,2019
0.0,0.02184473006148544,Train,T230507-2020,C,2019
0.0,0.011113728823628282,Train,T230102-2018,C,2019
0.0,-0.005397761516088714,Train,T191302-2022,C,2019
0.0,0.003821050684749813,Train,T710405-2017,C,2019
0.0,0.007250059596850642,Train,T160305-2020,C,2019
0.0,0.004785809725136346,Train,T250601-2015,C,2019
0.0,0.007922433473589677,Train,T730317-2015,C,2019
0.0,-0.008147290870607721,Train,T190203-2020,C,2019
0.0,-0.004256302469558766,Train,T120305-2016,C,2019
0.0,0.007201694806117857,Train,T700121-2017,C,2019
0.0,0.017528234707659532,Train,T150301-2018,C,2019
0.0,-0.00029023706529008426,Train,T760803-2022,C,2019
0.0,0.020270756422523746,Train,T740205-2022,C,2019
0.0,-0.000910689387174746,Train,T240803-2020,C,2019
0.0,0.0034187978264771223,Train,T740310-2016,C,2019
0.0,0.0040310489776362035,Train,T250708-2020,C,2019
0.0,-0.0005869434208889814,Train,T160205-2017,C,2019
0.0,0.022097246384602493,Train,T160805-2022,C,2019
0.0,-0.01098872548647731,Train,T700807-2022,C,2019
0.0,0.008085871186459858,Train,T201002-2022,C,2019
0.0,0.012156216927877536,Train,T140711-2022,C,2019
0.0,0.01699733853783368,Train,T220602-2018,C,2019
0.0,0.014410947770701298,Train,T180304-2017,C,2019
0.0,-0.0003911760053092224,Train,T240902-2016,C,2019
0.0,-0.002627714958894703,Train,T711301-2018,C,2019
0.0,0.023560674609324903,Train,T150114-2022,C,2019
0.0,-0.004426507721787377,Train,T190209-2015,C,2019
0.0,-0.006243405709509801,Train,T140121-2015,C,2019
0.0,0.015487868899981112,Train,T130709-2016,C,2019
0.0,0.00759571541798559,Train,T700508-2021,C,2019
0.0,0.02321717707408628,Train,T210105-2018,C,2019
0.0,0.0038938821014861133,Train,T141105-2018,C,2019
0.0,-2.840450178022763e-05,Train,T710309-2022,C,2019
0.0,0.011020503606314938,Train,T730311-2021,C,2019
0.0,-0.0019591421688315435,Train,T711003-2020,C,2019
0.0,-0.014682110226290734,Train,T730113-2020,C,2019
0.0,0.009170278949722104,Train,T250101-2020,C,2019
0.0,0.006436656122951431,Train,T700122-2017,C,2019
0.0,-0.0015495528043398786,Train,T260111-2017,C,2019
0.0,0.004422709125063443,Train,T240602-2016,C,2019
0.0,0.014424994409166877,Train,T700812-2018,C,2019
0.0,0.01069373735418629,Train,T200506-2020,C,2019
0.0,0.0023044725820889535,Train,T140416-2015,C,2019
0.0,0.011038621247859471,Train,T161102-2017,C,2019
0.0,0.014365008570338761,Train,T760702-2016,C,2019
0.0,0.006148198305325106,Train,T260403-2020,C,2019
0.0,0.0006282469994473734,Train,T160805-2016,C,2019
0.0,0.02398442482374338,Train,T191201-2022,C,2019
0.0,-0.003940594385831516,Train,T240117-2021,C,2019
0.0,0.0054254342768391434,Train,T141305-2022,C,2019
0.0,-0.011061917567046713,Train,T711004-2018,C,2019
0.0,0.024415080761441093,Train,T760203-2021,C,2019
0.0,0.0017121229988165138,Train,T130401-2017,C,2019
0.0,0.013509097321096775,Train,T160201-2022,C,2019
0.0,0.0044841082659296,Train,T190406-2016,C,2019
0.0,0.008880870576039973,Train,T160804-2015,C,2019
0.0,-0.01023385299326023,Train,T250801-2017,C,2019
0.0,0.0036508574054009346,Train,T270405-2016,C,2019
0.0,-0.0076907755813397675,Train,T730120-2022,C,2019
0.0,-0.009744786876874833,Train,T710511-2021,C,2019
0.0,0.007195175532465376,Train,T721006-2016,C,2019
0.0,-0.007741907718005758,Train,T200107-2018,C,2019
0.0,0.019440550293180373,Train,T240606-2021,C,2019
0.0,0.0022990819720331125,Train,T260106-2017,C,2019
0.0,-0.014801020428325035,Train,T270108-2022,C,2019
0.0,-0.005137725213805259,Train,T104605-2018,C,2019
0.0,0.021926137595119567,Train,T260103-2021,C,2019
0.0,-0.006679743406409256,Train,T250305-2015,C,2019
0.0,0.00023746145280061093,Train,T130501-2020,C,2019
0.0,0.009045914997017146,Train,T200902-2021,C,2019
0.0,0.009304353552403138,Train,T170205-2021,C,2019
0.0,0.007856776780655342,Train,T140713-2018,C,2019
0.0,-0.012295014870348933,Train,T240703-2016,C,2019
0.0,0.012276342677716882,Train,T760108-2018,C,2019
0.0,0.011050091828500848,Train,T760701-2021,C,2019
0.0,0.00160904927095317,Train,T141508-2018,C,2019
0.0,0.01729050387098152,Train,T200107-2016,C,2019
0.0,0.0046062821890680075,Train,T700601-2018,C,2019
0.0,-0.008828050841660676,Train,T710613-2015,C,2019
0.0,-0.0010878087837001057,Train,T260105-2018,C,2019
0.0,-0.0026146357453107954,Train,T140413-2015,C,2019
0.0,0.019699059717314026,Train,T200206-2017,C,2019
0.0,-0.007177266598886482,Train,T200503-2017,C,2019
0.0,0.011774050612425771,Train,T720212-2017,C,2019
0.0,0.009079019998408829,Train,T260102-2020,C,2019
0.0,0.0038734678852473136,Train,T160605-2015,C,2019
0.0,0.0076964759419328845,Train,T140109-2015,C,2019
0.0,-0.010956089611225628,Train,T730214-2020,C,2019
0.0,-0.013422768313209743,Train,T760105-2020,C,2019
0.0,0.000981727343526286,Train,T200201-2022,C,2019
0.0,0.004790883333827011,Train,T190603-2016,C,2019
0.0,-0.0029933954389053737,Train,T150204-2015,C,2019
0.0,-0.0006150119964989047,Train,T250702-2015,C,2019
0.0,0.012708634905391935,Train,T200501-2021,C,2019
0.0,0.005661499922636764,Train,T140806-2022,C,2019
0.0,0.0039640582474601335,Train,T720405-2020,C,2019
0.0,-0.002405700064261339,Train,T140414-2016,C,2019
0.0,0.004934925938819451,Train,T190311-2022,C,2019
0.0,0.0013368332454570103,Train,T160108-2017,C,2019
0.0,-0.001885113605856708,Train,T170202-2020,C,2019
0.0,0.014244660002043288,Train,T140712-2018,C,2019
0.0,0.013272315515521702,Train,T130206-2017,C,2019
0.0,0.006267235905817879,Train,T700510-2021,C,2019
0.0,0.01963146445925994,Train,T760511-2016,C,2019
0.0,0.0036142283686620125,Train,T160903-2020,C,2019
0.0,-0.005647700087907728,Train,T220104-2015,C,2019
0.0,-0.005480973796874541,Train,T240805-2018,C,2019
0.0,-0.005837544318257398,Train,T720105-2018,C,2019
0.0,0.002681365089025696,Train,T160609-2020,C,2019
0.0,0.012250613340167738,Train,T240513-2022,C,2019
0.0,-0.0014668821099607975,Train,T160419-2020,C,2019
0.0,-0.007942692983826681,Train,T730308-2022,C,2019
0.0,-0.0006970554224121099,Train,T260306-2022,C,2019
0.0,-0.005563992778985024,Train,T700702-2016,C,2019
0.0,0.0024219483494479694,Train,T270511-2020,C,2019
0.0,0.005727277998773522,Train,T110201-2022,C,2019
0.0,0.004468021608972863,Train,T180703-2020,C,2019
0.0,0.008141866740094417,Train,T140801-2018,C,2019
0.0,0.0019998024287313835,Train,T141602-2017,C,2019
0.0,-0.005782867144955764,Train,T190209-2018,C,2019
0.0,0.014272245693911037,Train,T161006-2016,C,2019
0.0,0.01211174967439792,Train,T110208-2022,C,2019
0.0,0.0017391968879074636,Train,T720603-2018,C,2019
0.0,0.007708010163771464,Train,T110201-2018,C,2019
0.0,0.013091634981052635,Train,T200202-2020,C,2019
0.0,-0.0029695903974763307,Train,T240106-2021,C,2019
0.0,0.016053513191037268,Train,T730515-2020,C,2019
0.0,0.015311030601298355,Train,T160603-2022,C,2019
0.0,0.0040255351417504606,Train,T190308-2017,C,2019
0.0,0.02202574214716667,Train,T250703-2022,C,2019
0.0,-0.004264553937389779,Train,T720117-2018,C,2019
0.0,0.010031574839496371,Train,T141604-2017,C,2019
0.0,-0.002514482811985871,Train,T140613-2021,C,2019
0.0,0.00721619535754915,Train,T760407-2018,C,2019
0.0,-0.004304984692420718,Train,T140614-2020,C,2019
0.0,-0.000185685132191212,Train,T710912-2022,C,2019
0.0,0.013692681306521012,Train,T110203-2017,C,2019
0.0,-0.00784207997750649,Train,T120407-2018,C,2019
0.0,-0.0036570081848688045,Train,T130108-2017,C,2019
0.0,-0.003046817123764581,Train,T140305-2015,C,2019
0.0,0.019790874083660488,Train,T150203-2015,C,2019
0.0,0.0034770414658001052,Train,T201005-2020,C,2019
0.0,0.006536488533958574,Train,T190302-2021,C,2019
0.0,-0.006458815711269224,Train,T240303-2022,C,2019
0.0,0.02091488663192729,Train,T230502-2021,C,2019
0.0,0.00013491799553440588,Train,T140510-2016,C,2019
0.0,-0.0018049494024931971,Train,T700120-2020,C,2019
0.0,-0.010347197960079045,Train,T770207-2015,C,2019
0.0,0.010971220387929257,Train,T250201-2017,C,2019
0.0,-0.0010722513687226672,Train,T260207-2020,C,2019
0.0,0.009086109163654536,Train,T721005-2015,C,2019
0.0,0.019113357638861603,Train,T210310-2020,C,2019
0.0,0.004530934889477757,Train,T270406-2015,C,2019
0.0,0.009181093865073795,Train,T160622-2017,C,2019
0.0,-0.010299461285664616,Train,T240516-2018,C,2019
0.0,0.0072014754750264484,Train,T710513-2017,C,2019
0.0,-0.012909272738863697,Train,T101106-2017,C,2019
0.0,0.005274450320594337,Train,T730503-2021,C,2019
0.0,-0.003591636941187454,Train,T141306-2021,C,2019
0.0,0.008885753450534458,Train,T700707-2022,C,2019
0.0,-0.0032755658643303306,Train,T141502-2015,C,2019
0.0,-0.008073266850406722,Train,T120302-2020,C,2019
0.0,0.001510311066132051,Train,T240903-2022,C,2019
0.0,0.003821038213346106,Train,T210505-2021,C,2019
0.0,0.0072848423913606354,Train,T750304-2017,C,2019
0.0,-0.004379702622367792,Train,T191305-2016,C,2019
0.0,0.0017108050098650364,Train,T200606-2018,C,2019
0.0,-0.0022566175024349884,Train,T130607-2022,C,2019
0.0,0.018155326009058018,Train,T190608-2021,C,2019
0.0,-0.008873686422137952,Train,T760112-2018,C,2019
0.0,0.009692507001280581,Train,T210308-2020,C,2019
0.0,-0.0045286683551631094,Train,T770805-2015,C,2019
0.0,0.0010425732222093466,Train,T180306-2020,C,2019
0.0,0.016013161553056085,Train,T160803-2015,C,2019
0.0,-0.010593405734074999,Train,T710402-2020,C,2019
0.0,0.0015640143892732621,Train,T260108-2022,C,2019
0.0,-0.00831744775802122,Train,T141512-2015,C,2019
0.0,-0.002291792338032658,Train,T240113-2020,C,2019
0.0,0.0023799236441940223,Train,T191004-2015,C,2019
0.0,-0.007372153669440919,Train,T710611-2015,C,2019
0.0,0.0067993130991162495,Train,T170404-2016,C,2019
0.0,-0.00749383779451948,Train,T260410-2015,C,2019
0.0,-0.006432601788135935,Train,T230112-2017,C,2019
0.0,0.0015946863504457242,Train,T160114-2016,C,2019
0.0,0.00794391345636481,Train,T710110-2022,C,2019
0.0,-0.001056550409729069,Train,T720903-2018,C,2019
0.0,-0.00957115569484206,Train,T200621-2016,C,2019
0.0,-0.008837761569152391,Train,T160606-2018,C,2019
0.0,-0.00020514887802080853,Train,T260407-2017,C,2019
0.0,-0.0007810900281284154,Train,T250102-2018,C,2019
0.0,-0.005980728691596151,Train,T760613-2015,C,2019
0.0,-0.013632219637750357,Train,T141404-2020,C,2019
0.0,0.0028403310648096136,Train,T140201-2017,C,2019
0.0,0.004690294427571103,Train,T190506-2022,C,2019
0.0,-0.0069264588030653555,Train,T770601-2015,C,2019
0.0,-0.003454589067100131,Train,T190317-2022,C,2019
0.0,-0.005466416495258661,Train,T730202-2018,C,2019
0.0,-0.0026250518408949294,Train,T160804-2017,C,2019
0.0,0.009722554220956083,Train,T170504-2020,C,2019
0.0,0.008066593135439346,Train,T200614-2022,C,2019
0.0,0.006844927261757035,Train,T250706-2022,C,2019
0.0,0.0001818263575875655,Train,T190504-2017,C,2019
0.0,-0.00013522892201774502,Train,T190111-2018,C,2019
0.0,0.006485184876210335,Train,T730109-2015,C,2019
0.0,0.0064252535028235,Train,T180201-2015,C,2019
0.0,0.010923014640087277,Train,T200106-2021,C,2019
0.0,0.003981579535496089,Train,T730303-2021,C,2019
0.0,0.026881909479747616,Train,T140302-2015,C,2019
0.0,0.005356481550380602,Train,T270302-2022,C,2019
0.0,-0.0020925988402793676,Train,T190802-2018,C,2019
0.0,0.003336494807765543,Train,T190306-2016,C,2019
0.0,-0.00348609158713679,Train,T160507-2016,C,2019
0.0,0.004276752416192186,Train,T710604-2017,C,2019
0.0,0.005033771845522109,Train,T720904-2022,C,2019
0.0,0.015564834349354057,Train,T760111-2021,C,2019
0.0,0.0005614099398559089,Train,T191008-2016,C,2019
0.0,-0.005248704576023483,Train,T160307-2018,C,2019
0.0,-0.002957664193491415,Train,T270703-2017,C,2019
0.0,0.006205138987764488,Train,T104202-2018,C,2019
0.0,0.019043127396418415,Train,T130707-2015,C,2019
0.0,0.011927133261872374,Train,T270704-2021,C,2019
0.0,0.009615917264189162,Train,T750310-2020,C,2019
0.0,-0.0021582107632924672,Train,T130303-2020,C,2019
0.0,0.003664034546077288,Train,T101104-2020,C,2019
0.0,0.005329615705680247,Train,T160617-2022,C,2019
0.0,-0.007067197845881744,Train,T210501-2018,C,2019
0.0,-0.0020122469234704053,Train,T140805-2018,C,2019
0.0,0.005329292418641047,Train,T160511-2017,C,2019
0.0,4.5185410929871926e-05,Train,T141006-2020,C,2019
0.0,-0.0002929295258564587,Train,T240114-2021,C,2019
0.0,0.0004069909864934353,Train,T270901-2018,C,2019
0.0,-0.005116486046212331,Train,T700607-2017,C,2019
0.0,0.03166454172031539,Train,T130709-2017,C,2019
0.0,0.00340107581585609,Train,T270309-2015,C,2019
0.0,0.00292236421086643,Train,T760116-2020,C,2019
0.0,-0.005535610756314825,Train,T230113-2017,C,2019
0.0,0.021143275649258247,Train,T700806-2015,C,2019
0.0,-0.0012328695576956368,Train,T120603-2020,C,2019
0.0,0.004450448033167792,Train,T160310-2020,C,2019
0.0,0.004914225370291776,Train,T760501-2020,C,2019
0.0,-0.0025722045727771627,Train,T180109-2015,C,2019
0.0,0.015966763648833357,Train,T260104-2018,C,2019
0.0,0.00015851481893221851,Train,T190310-2021,C,2019
0.0,0.016881827235152188,Train,T140422-2016,C,2019
0.0,0.019782274066296898,Train,T200407-2022,C,2019
0.0,-0.0012177640133971108,Train,T250705-2017,C,2019
0.0,0.04698150930760753,Train,T710305-2015,C,2019
0.0,-0.015971947530380635,Train,T250304-2021,C,2019
0.0,0.019097138443322975,Train,T230107-2020,C,2019
0.0,0.007496453138343922,Train,T150501-2017,C,2019
0.0,0.003599339817228233,Train,T190605-2015,C,2019
0.0,0.010395374787906149,Train,T190215-2017,C,2019
0.0,0.0013287895531829803,Train,T140311-2020,C,2019
0.0,0.00757348314831131,Train,T250103-2018,C,2019
0.0,0.015557368205379962,Train,T180303-2022,C,2019
0.0,-0.008555324926563248,Train,T160503-2021,C,2019
0.0,0.02335904409934482,Train,T160418-2020,C,2019
0.0,0.016853536380312686,Train,T200505-2016,C,2019
0.0,0.04259882563998804,Train,T140109-2018,C,2019
0.0,0.00022540865871181282,Train,T100306-2022,C,2019
0.0,0.01062064665639303,Train,T220103-2018,C,2019
0.0,0.0030100046726219236,Train,T710707-2017,C,2019
0.0,0.002348952937103685,Train,T140903-2015,C,2019
0.0,0.005247299736379541,Train,T140711-2016,C,2019
0.0,0.003132668303945744,Train,T150302-2018,C,2019
0.0,0.002969129335125102,Train,T710206-2022,C,2019
0.0,0.013465407932491461,Train,T170105-2017,C,2019
0.0,0.013927154995268646,Train,T140412-2015,C,2019
0.0,0.0013886840918818945,Train,T141403-2017,C,2019
0.0,-0.0028868174342756184,Train,T700607-2015,C,2019
0.0,0.008710527532796535,Train,T721001-2016,C,2019
0.0,0.011609009516561608,Train,T140501-2020,C,2019
0.0,0.006327395180449792,Train,T130702-2018,C,2019
0.0,0.005287352447844882,Train,T230303-2015,C,2019
0.0,-0.00723291389632909,Train,T270509-2018,C,2019
0.0,-0.003343720992184901,Train,T270108-2016,C,2019
0.0,0.009952996657410175,Train,T180202-2016,C,2019
0.0,0.004881201864546578,Train,T191003-2022,C,2019
0.0,0.013552146046100146,Train,T160620-2015,C,2019
0.0,0.010673100163163378,Train,T260107-2021,C,2019
0.0,-0.0056369571090974305,Train,T250810-2016,C,2019
0.0,-0.00426587925592201,Train,T730501-2022,C,2019
0.0,0.009689848367446647,Train,T720901-2015,C,2019
0.0,0.0115678107317172,Train,T180606-2015,C,2019
0.0,0.03451601861639951,Train,T230107-2016,C,2019
0.0,-0.007177557956264095,Train,T141411-2015,C,2019
0.0,-0.0003403621835666409,Train,T710107-2022,C,2019
0.0,0.015330283417648987,Train,T721003-2017,C,2019
0.0,0.006615529643972872,Train,T240214-2020,C,2019
0.0,0.00599421079511038,Train,T720506-2022,C,2019
0.0,0.016337376049468104,Train,T161005-2018,C,2019
0.0,0.0010579163682395052,Train,T190108-2018,C,2019
0.0,-0.003225911475733467,Train,T710405-2015,C,2019
0.0,0.009657327545587008,Train,T160622-2015,C,2019
0.0,0.015457785426796076,Train,T730124-2018,C,2019
0.0,0.014659235196633112,Train,T720406-2021,C,2019
0.0,0.0010809555694994868,Train,T730314-2016,C,2019
0.0,-0.01123092132846917,Train,T730512-2022,C,2019
0.0,0.018594712560737667,Train,T160610-2016,C,2019
0.0,0.0028830949855592224,Train,T130702-2016,C,2019
0.0,-0.016503055146019404,Train,T240104-2015,C,2019
0.0,0.02912797583421159,Train,T760505-2020,C,2019
0.0,0.005202334360466561,Train,T240504-2018,C,2019
0.0,0.006838699194956515,Train,T710705-2015,C,2019
0.0,-0.0020067749574960705,Train,T220901-2018,C,2019
0.0,0.0038740251596784065,Train,T190909-2017,C,2019
0.0,0.007762737523608948,Train,T220605-2021,C,2019
0.0,0.0025685944407247184,Train,T710402-2017,C,2019
0.0,0.004576229036431828,Train,T711007-2015,C,2019
0.0,0.005685723073005884,Train,T160201-2020,C,2019
0.0,-0.0013282103458010079,Train,T730312-2017,C,2019
0.0,0.02674863001395042,Train,T200704-2020,C,2019
0.0,-0.0019146904992642102,Train,T250214-2017,C,2019
0.0,0.002338711665103192,Train,T770304-2017,C,2019
0.0,0.009377262680204897,Train,T190209-2021,C,2019
0.0,-0.009086553502295893,Train,T760112-2020,C,2019
0.0,-0.0006808589231010959,Train,T200113-2018,C,2019
0.0,-0.004141064318243159,Train,T130305-2015,C,2019
0.0,-0.0052600643487877114,Train,T760402-2016,C,2019
0.0,0.00180011028871002,Train,T160801-2020,C,2019
0.0,0.018790617468617894,Train,T710606-2020,C,2019
0.0,-0.0016136881079049337,Train,T260302-2021,C,2019
0.0,0.012636590806418983,Train,T161103-2018,C,2019
0.0,0.008843436913826809,Train,T141303-2020,C,2019
0.0,0.01812814759759418,Train,T180803-2017,C,2019
0.0,0.0178756940211714,Train,T700103-2021,C,2019
0.0,0.0013903178480762543,Train,T730405-2017,C,2019
0.0,-0.006239854224600459,Train,T730109-2016,C,2019
0.0,-0.003092028593868432,Train,T180403-2020,C,2019
0.0,0.007646693527447131,Train,T710301-2016,C,2019
0.0,-0.00390538215591605,Train,T240502-2021,C,2019
0.0,0.001770353656354343,Train,T250706-2015,C,2019
0.0,0.007641181221310174,Train,T710501-2016,C,2019
0.0,0.031939405106272314,Train,T760704-2018,C,2019
0.0,-0.01118306708526997,Train,T710303-2015,C,2019
0.0,0.0017690989165537675,Train,T740206-2016,C,2019
0.0,0.02440360638973374,Train,T760105-2018,C,2019
0.0,-0.013145831071394795,Train,T160404-2020,C,2019
0.0,0.010142356160506608,Train,T160302-2021,C,2019
0.0,0.027543416715431625,Train,T710403-2022,C,2019
0.0,0.0037543047106621827,Train,T760105-2015,C,2019
0.0,-0.0013921822867170607,Train,T730204-2021,C,2019
0.0,0.0013576533236808522,Train,T141007-2015,C,2019
0.0,0.025006971113703973,Train,T710404-2016,C,2019
0.0,0.004892982836730867,Train,T170404-2018,C,2019
0.0,-0.005637713369637844,Train,T140508-2017,C,2019
0.0,0.014208838006691657,Train,T730612-2016,C,2019
0.0,-0.0064577665989417644,Train,T160103-2020,C,2019
0.0,0.020089237583708508,Train,T220504-2018,C,2019
0.0,0.002106792978612216,Train,T180803-2016,C,2019
0.0,0.016650268209116914,Train,T270613-2022,C,2019
0.0,0.011269156098647978,Train,T730408-2020,C,2019
0.0,-0.004327735634292555,Train,T220702-2016,C,2019
0.0,0.011377270663316735,Train,T161106-2016,C,2019
0.0,0.008313839517087512,Train,T760607-2018,C,2019
0.0,0.0022698031195635122,Train,T160308-2015,C,2019
0.0,0.004915677240941612,Train,T160109-2016,C,2019
0.0,0.005876075840326187,Train,T250305-2017,C,2019
0.0,0.005369323098468031,Train,T720210-2018,C,2019
0.0,-0.0128553643493499,Train,T140413-2018,C,2019
0.0,0.02232900548524641,Train,T710504-2021,C,2019
0.0,0.0064728240488340465,Train,T170303-2017,C,2019
0.0,0.009272699798931193,Train,T150403-2015,C,2019
0.0,0.0010435553013705405,Train,T160509-2018,C,2019
0.0,0.019373445428755957,Train,T760709-2020,C,2019
0.0,0.013398058072161372,Train,T140807-2016,C,2019
0.0,0.005684618936136144,Train,T190205-2017,C,2019
0.0,-0.0025697160693765875,Train,T760406-2018,C,2019
0.0,0.004703690469736282,Train,T710603-2020,C,2019
0.0,-0.0027193828886804892,Train,T140308-2018,C,2019
0.0,0.008695553595879904,Train,T760507-2022,C,2019
0.0,-0.0014013088330968749,Train,T140114-2020,C,2019
0.0,0.0002653999302478995,Train,T220103-2020,C,2019
0.0,0.021323228312652442,Train,T720302-2018,C,2019
0.0,-0.00626253915335769,Train,T140208-2017,C,2019
0.0,0.007029669235172362,Train,T730408-2022,C,2019
0.0,0.022263014453708197,Train,T180303-2016,C,2019
0.0,0.00530453728273396,Train,T760402-2015,C,2019
0.0,0.00605183105798982,Train,T190101-2020,C,2019
0.0,0.009441091533627523,Train,T230503-2016,C,2019
0.0,-0.00200396917976347,Train,T110207-2022,C,2019
0.0,0.00033647610314282246,Train,T270510-2021,C,2019
0.0,0.006481432375978596,Train,T260105-2021,C,2019
0.0,0.01276948206341738,Train,T100306-2017,C,2019
0.0,0.016144101089338836,Train,T770406-2015,C,2019
0.0,0.03161412653345516,Train,T220903-2022,C,2019
0.0,0.0002231777876095856,Train,T104201-2016,C,2019
0.0,0.014141197089107183,Train,T170407-2015,C,2019
0.0,-0.0067610319368360695,Train,T141110-2015,C,2019
0.0,0.0044473129321557425,Train,T710605-2015,C,2019
0.0,0.02054076246962091,Train,T160608-2021,C,2019
0.0,-0.004637018212475721,Train,T141206-2020,C,2019
0.0,0.025003333215075658,Train,T110206-2021,C,2019
0.0,0.0019278597093652932,Train,T260109-2016,C,2019
0.0,0.00412440007335051,Train,T250709-2015,C,2019
0.0,0.0031283627527515134,Train,T140306-2020,C,2019
0.0,-0.003973420557006191,Train,T730322-2018,C,2019
0.0,0.007817170660617812,Train,T210501-2020,C,2019
0.0,-0.002334626219053543,Train,T170608-2021,C,2019
0.0,0.03610772208315904,Train,T160301-2021,C,2019
0.0,-0.0032978768785024704,Train,T140606-2015,C,2019
0.0,0.0008104499093838208,Train,T200505-2022,C,2019
0.0,-0.002570377327104085,Train,T150504-2016,C,2019
0.0,0.0010721027548358931,Train,T241101-2015,C,2019
0.0,0.007580851450932645,Train,T250801-2018,C,2019
0.0,0.003444389405268445,Train,T730302-2021,C,2019
0.0,0.00159788224917169,Train,T240117-2018,C,2019
0.0,0.011765143879566712,Train,T770705-2020,C,2019
0.0,0.0006818246687004578,Train,T240509-2018,C,2019
0.0,5.995290157282968e-05,Train,T120209-2018,C,2019
0.0,-0.008539092307870649,Train,T160601-2016,C,2019
0.0,0.003991528620600576,Train,T700120-2016,C,2019
0.0,0.0188385562928406,Train,T190305-2015,C,2019
0.0,0.011300845911418798,Train,T720903-2017,C,2019
0.0,0.009178273338570566,Train,T141217-2017,C,2019
0.0,0.015317695238044104,Train,T170610-2020,C,2019
0.0,-0.009167259971618037,Train,T270503-2021,C,2019
0.0,-0.00271494649775339,Train,T760304-2020,C,2019
0.0,0.0037047561729431615,Train,T180704-2018,C,2019
0.0,0.016559951493774497,Train,T710912-2016,C,2019
0.0,0.007233653606247157,Train,T141305-2017,C,2019
0.0,0.003957193889968461,Train,T250104-2020,C,2019
0.0,-0.0004990749590821994,Train,T140705-2016,C,2019
0.0,0.0035590196348720335,Train,T740306-2016,C,2019
0.0,0.0007316972237820473,Train,T720508-2018,C,2019
0.0,-4.821704807255683e-05,Train,T160309-2015,C,2019
0.0,0.00039067432939374615,Train,T260307-2018,C,2019
0.0,-0.017478394664443717,Train,T240117-2016,C,2019
0.0,0.004458908127095007,Train,T730313-2015,C,2019
0.0,-0.004874833240291572,Train,T720410-2015,C,2019
0.0,-0.008389801700934429,Train,T730505-2020,C,2019
0.0,0.0005396247900449854,Train,T240113-2018,C,2019
0.0,-0.01017375594115492,Train,T730510-2015,C,2019
0.0,0.0146187806308877,Train,T250107-2022,C,2019
0.0,0.013419750012646134,Train,T760612-2016,C,2019
0.0,-0.005009096362637086,Train,T140304-2018,C,2019
0.0,0.009960525367980849,Train,T140402-2016,C,2019
0.0,0.005204613468194845,Train,T250902-2020,C,2019
0.0,0.0005345648554490854,Train,T730209-2022,C,2019
0.0,0.0007822154847137467,Train,T140603-2015,C,2019
0.0,0.00038970505635115834,Train,T150207-2018,C,2019
0.0,0.0064325466042184,Train,T700102-2016,C,2019
0.0,-0.0028808528705004046,Train,T700705-2022,C,2019
0.0,-0.005222762309763452,Train,T270604-2017,C,2019
0.0,0.01533794397919231,Train,T760123-2017,C,2019
0.0,-0.0026115831636622667,Train,T190704-2018,C,2019
0.0,1.698975405643518e-05,Train,T760511-2018,C,2019
0.0,-0.003592116702831734,Train,T250105-2022,C,2019
0.0,-0.0034121339489623175,Train,T760209-2020,C,2019
0.0,0.017370271370669398,Train,T710609-2015,C,2019
0.0,-0.005652508162394539,Train,T120503-2018,C,2019
0.0,0.01242551016202446,Train,T760705-2016,C,2019
0.0,0.022778010175319222,Train,T200201-2016,C,2019
0.0,0.0031819368911344265,Train,T260308-2020,C,2019
0.0,0.0009989900412358654,Train,T240805-2017,C,2019
0.0,-0.0024403552618899368,Train,T170605-2018,C,2019
0.0,0.003462474628136522,Train,T140304-2015,C,2019
0.0,-0.0009031192236831488,Train,T711303-2015,C,2019
0.0,0.010478972182124468,Train,T240412-2017,C,2019
0.0,0.014534214860752159,Train,T250703-2018,C,2019
0.0,0.0031849695179778227,Train,T140514-2016,C,2019
0.0,0.004458927020326857,Train,T230103-2018,C,2019
0.0,-0.005120873171986374,Train,T130113-2020,C,2019
0.0,-0.0012762553095275568,Train,T270207-2017,C,2019
0.0,0.000710084310488919,Train,T250605-2021,C,2019
0.0,-0.008252101894048267,Train,T720911-2018,C,2019
0.0,0.018448382590208912,Train,T220606-2021,C,2019
0.0,0.01367657153392465,Train,T760104-2015,C,2019
0.0,0.015508550255231002,Train,T700606-2017,C,2019
0.0,-0.011985171455652588,Train,T241103-2020,C,2019
0.0,-0.0068819644961821795,Train,T700901-2015,C,2019
0.0,-0.007265624063164923,Train,T710503-2015,C,2019
0.0,0.013229857322492855,Train,T104203-2022,C,2019
0.0,-0.0018469148095527237,Train,T140207-2020,C,2019
0.0,-0.0007370309065500415,Train,T760604-2015,C,2019
0.0,0.0027142023868292216,Train,T700807-2017,C,2019
0.0,0.003198005976285401,Train,T720701-2016,C,2019
0.0,-0.005108353215134144,Train,T730206-2018,C,2019
0.0,-0.0011485065328141351,Train,T130506-2016,C,2019
0.0,0.003075675106467537,Train,T210501-2022,C,2019
0.0,-0.00988843680213838,Train,T240307-2017,C,2019
0.0,0.014978678031159218,Train,T140806-2021,C,2019
0.0,0.011396251090412358,Train,T270704-2016,C,2019
0.0,0.04131061714671054,Train,T140301-2021,C,2019
0.0,0.00902044380819398,Train,T240805-2022,C,2019
0.0,-0.010761221128103805,Train,T141408-2015,C,2019
0.0,0.007093066706813309,Train,T720106-2020,C,2019
0.0,0.0120613129673189,Train,T200401-2021,C,2019
0.0,-0.0010618534070688582,Train,T760408-2021,C,2019
0.0,0.0024365078339161936,Train,T240104-2018,C,2019
0.0,0.00145405171999654,Train,T250806-2017,C,2019
0.0,-0.0012439120069970468,Train,T200617-2018,C,2019
0.0,0.008307099081256045,Train,T720715-2021,C,2019
0.0,0.002557084284119927,Train,T141105-2020,C,2019
0.0,0.005482721735114847,Train,T240507-2018,C,2019
0.0,-0.0031790464258340412,Train,T710912-2015,C,2019
0.0,0.0034663757449203275,Train,T270612-2021,C,2019
0.0,-0.002310466094561912,Train,T730303-2016,C,2019
0.0,0.00455818139947535,Train,T730609-2017,C,2019
0.0,0.0134912921344462,Train,T140614-2021,C,2019
0.0,-0.0040059435293946675,Train,T730311-2017,C,2019
0.0,-0.006315878909533792,Train,T140207-2015,C,2019
0.0,0.0021594385321734187,Train,T160607-2016,C,2019
0.0,-0.0008001726804836053,Train,T240307-2016,C,2019
0.0,0.016948461088352684,Train,T730203-2020,C,2019
0.0,-0.003855408073055953,Train,T240507-2022,C,2019
0.0,0.001199364533230885,Train,T190106-2015,C,2019
0.0,0.010410756903300506,Train,T220312-2020,C,2019
0.0,0.006304460669901804,Train,T760709-2015,C,2019
0.0,0.0059781479269441625,Train,T104601-2022,C,2019
0.0,0.011888425596636734,Train,T250108-2022,C,2019
0.0,0.005472979931017751,Train,T700711-2020,C,2019
0.0,0.002405591850592484,Train,T730107-2015,C,2019
0.0,-0.0072880521607618255,Train,T100303-2017,C,2019
0.0,0.007767731051281262,Train,T160310-2016,C,2019
0.0,-0.00313629914633564,Train,T720207-2015,C,2019
0.0,-0.004857685329160511,Train,T130502-2021,C,2019
0.0,0.00908685417037808,Train,T230111-2016,C,2019
0.0,-0.0005729511248408741,Train,T730402-2017,C,2019
0.0,0.00632897657542243,Train,T740310-2017,C,2019
0.0,-0.001838533590516341,Train,T200303-2016,C,2019
0.0,0.00958033970293746,Train,T250108-2020,C,2019
0.0,-0.0046559357021696305,Train,T191001-2020,C,2019
0.0,0.0021654142133349153,Train,T240209-2017,C,2019
0.0,0.0005102378106016789,Train,T700804-2017,C,2019
0.0,0.0007540690489775353,Train,T710902-2016,C,2019
0.0,0.009969042429002878,Train,T160110-2020,C,2019
0.0,0.013415090201282457,Train,T250204-2015,C,2019
0.0,-0.013516772059254412,Train,T260104-2017,C,2019
0.0,0.00014154809511586646,Train,T720116-2018,C,2019
0.0,-0.006964676145027475,Train,T180307-2018,C,2019
0.0,-0.006962027916978647,Train,T141402-2018,C,2019
0.0,-0.009482954133349855,Train,T240512-2017,C,2019
0.0,-0.007275865506861668,Train,T170601-2020,C,2019
0.0,-0.00255705931278561,Train,T730202-2017,C,2019
0.0,0.005541105095953995,Train,T250212-2017,C,2019
0.0,0.006382289349545922,Train,T250801-2021,C,2019
0.0,0.0071497222027786635,Train,T150406-2018,C,2019
0.0,0.01420467535756729,Train,T760106-2015,C,2019
0.0,0.005935548880527362,Train,T140815-2020,C,2019
0.0,0.026843968656270065,Train,T220503-2022,C,2019
0.0,0.004963459614833458,Train,T200401-2016,C,2019
0.0,0.008358264102480913,Train,T711301-2020,C,2019
0.0,0.013160541133716789,Train,T190109-2018,C,2019
0.0,-0.0034288236555342017,Train,T141216-2015,C,2019
0.0,-0.00940673364466473,Train,T250805-2020,C,2019
0.0,-0.0029054263465913854,Train,T250808-2017,C,2019
0.0,-0.007524116794425796,Train,T150403-2016,C,2019
0.0,-0.0006779346549399152,Train,T170305-2017,C,2019
0.0,-0.0023508430469833955,Train,T160108-2018,C,2019
0.0,0.003637107332014266,Train,T104601-2018,C,2019
0.0,-0.001353739712673963,Train,T700705-2020,C,2019
0.0,0.010082460597711661,Train,T700509-2016,C,2019
0.0,-0.00012800125598974563,Train,T700805-2022,C,2019
0.0,-0.0011940887502155514,Train,T140512-2018,C,2019
0.0,0.01948936017593895,Train,T160503-2016,C,2019
0.0,0.01283052497605752,Train,T260106-2016,C,2019
0.0,-0.0034943505627811574,Train,T200620-2018,C,2019
0.0,0.0014472243276974599,Train,T710609-2017,C,2019
0.0,0.010690513672604486,Train,T720601-2020,C,2019
0.0,-0.009103180065471091,Train,T141306-2015,C,2019
0.0,-0.0033972461746648464,Train,T160504-2015,C,2019
0.0,-0.0010541633128131518,Train,T270703-2021,C,2019
0.0,0.0036406062216872,Train,T190315-2022,C,2019
0.0,0.004091113604820593,Train,T160801-2018,C,2019
0.0,-0.005980235503756984,Train,T130401-2015,C,2019
0.0,-0.00011797526101496647,Train,T730122-2020,C,2019
0.0,0.034704103348702074,Train,T700109-2016,C,2019
0.0,0.0013044452633429791,Train,T140712-2021,C,2019
0.0,-0.0010138975425246087,Train,T140111-2018,C,2019
0.0,0.02249665883478817,Train,T120110-2015,C,2019
0.0,0.0031296608613267216,Train,T190906-2016,C,2019
0.0,-0.0015537176576281583,Train,T760602-2020,C,2019
0.0,-0.00961705541166703,Train,T160101-2015,C,2019
0.0,0.0008925967079948725,Train,T140714-2022,C,2019
0.0,0.00812273495688492,Train,T180406-2020,C,2019
0.0,0.016031339651441975,Train,T240802-2018,C,2019
0.0,0.0024576699337770973,Train,T180405-2015,C,2019
0.0,0.009058613356178667,Train,T220704-2015,C,2019
0.0,-0.005728026389758281,Train,T141102-2018,C,2019
0.0,0.006087930477516299,Train,T140210-2017,C,2019
0.0,0.0046366707277506365,Train,T140110-2021,C,2019
0.0,-0.008897385087293886,Train,T120605-2017,C,2019
0.0,0.003084885050634062,Train,T700119-2015,C,2019
0.0,-0.0028919456640955944,Train,T730319-2017,C,2019
0.0,0.005585978399125435,Train,T161004-2016,C,2019
0.0,0.009084495962747479,Train,T720912-2016,C,2019
0.0,0.00403269344879931,Train,T130602-2018,C,2019
0.0,0.005027303172315056,Train,T240802-2020,C,2019
0.0,4.169145240845032e-05,Train,T140908-2015,C,2019
0.0,0.007088760306626056,Train,T711101-2016,C,2019
0.0,-5.461627760798538e-06,Train,T201006-2017,C,2019
0.0,0.005527972250051243,Train,T250903-2016,C,2019
0.0,0.006853879685985844,Train,T130304-2021,C,2019
0.0,-0.0006642876204728006,Train,T730321-2021,C,2019
0.0,0.039740896685641604,Train,T170502-2021,C,2019
0.0,0.009280694344982682,Train,T104601-2021,C,2019
0.0,0.010491664883486768,Train,T250708-2016,C,2019
0.0,-0.00047415575340387865,Train,T170610-2021,C,2019
0.0,0.00570280694573105,Train,T140301-2015,C,2019
0.0,-0.0030355231462391307,Train,T140419-2018,C,2019
0.0,-0.004275243596911601,Train,T160204-2020,C,2019
0.0,-0.0042797586691085635,Train,T140607-2018,C,2019
0.0,0.0075963976014645175,Train,T150307-2018,C,2019
0.0,0.001621987115924064,Train,T200204-2021,C,2019
0.0,0.01644032660395032,Train,T710106-2015,C,2019
0.0,-0.00036209168699538087,Train,T190305-2020,C,2019
0.0,-0.0009627618360570928,Train,T770803-2020,C,2019
0.0,0.01734981693765836,Train,T270503-2016,C,2019
0.0,0.005084174021643141,Train,T710704-2021,C,2019
0.0,0.0038504932004480635,Train,T140701-2016,C,2019
0.0,-0.016849136555573005,Train,T270505-2018,C,2019
0.0,-0.005609843299699677,Train,T130607-2015,C,2019
0.0,-0.0015841293679892156,Train,T760603-2015,C,2019
0.0,0.00839122509942268,Train,T250606-2020,C,2019
0.0,-0.0013473925360238908,Train,T130506-2018,C,2019
0.0,0.00883168144567638,Train,T770106-2017,C,2019
0.0,0.006781929082926805,Train,T130705-2021,C,2019
0.0,0.01089116400926933,Train,T200503-2020,C,2019
0.0,0.0025469855740828597,Train,T180104-2017,C,2019
0.0,-0.003969078412089557,Train,T711001-2018,C,2019
0.0,-0.0057654540241658565,Train,T180202-2015,C,2019
0.0,0.00248917059580787,Train,T240803-2018,C,2019
0.0,0.004500025830817042,Train,T120304-2015,C,2019
0.0,-0.00044566047846144067,Train,T730211-2017,C,2019
0.0,0.016583207356129025,Train,T700515-2020,C,2019
0.0,0.012298595096009739,Train,T240104-2020,C,2019
0.0,-0.007128856927926063,Train,T200616-2016,C,2019
0.0,0.003204104167713774,Train,T130103-2016,C,2019
0.0,-0.0077272612735014125,Train,T110208-2016,C,2019
0.0,0.009460315604121599,Train,T191301-2018,C,2019
0.0,-0.010035916682531714,Train,T140205-2018,C,2019
0.0,0.006238558220996825,Train,T140508-2022,C,2019
0.0,-0.0009537794720746943,Train,T141410-2015,C,2019
0.0,-0.01569996390781747,Train,T140208-2022,C,2019
0.0,-0.0011155608901966877,Train,T160304-2020,C,2019
0.0,0.01965252499780566,Train,T160105-2021,C,2019
0.0,-0.015348893198799748,Train,T120604-2018,C,2019
0.0,-0.002314276882885498,Train,T250304-2018,C,2019
0.0,0.01243425559507049,Train,T120301-2020,C,2019
0.0,0.018581040950172992,Train,T141401-2018,C,2019
0.0,0.003760126357135985,Train,T720412-2015,C,2019
0.0,0.02733516521429816,Train,T250202-2018,C,2019
0.0,0.001621941312740449,Train,T260411-2022,C,2019
0.0,0.00031024490261005554,Train,T720406-2016,C,2019
0.0,0.00639198296606808,Train,T700116-2018,C,2019
0.0,-0.007782794597089841,Train,T140208-2020,C,2019
0.0,0.02022557136335046,Train,T160405-2020,C,2019
0.0,0.01309176320665534,Train,T730107-2016,C,2019
0.0,0.0026261795216940284,Train,T270610-2016,C,2019
0.0,0.013819659195677032,Train,T160704-2021,C,2019
0.0,-0.001118578230100374,Train,T141304-2020,C,2019
0.0,0.012962699498374317,Train,T150403-2020,C,2019
0.0,0.009298040356847585,Train,T140307-2015,C,2019
0.0,0.0030356512613517505,Train,T270306-2015,C,2019
0.0,0.006158159662496649,Train,T720506-2017,C,2019
0.0,-0.0046497075574991635,Train,T141107-2017,C,2019
0.0,0.016288551196600155,Train,T110208-2020,C,2019
0.0,0.005544041243107655,Train,T140407-2015,C,2019
0.0,0.012642679007493668,Train,T120302-2022,C,2019
0.0,0.012144980880393005,Train,T250207-2022,C,2019
0.0,0.004375265429744954,Train,T220603-2018,C,2019
0.0,-0.0059122334739135935,Train,T720506-2018,C,2019
0.0,0.010886664679229888,Train,T760208-2017,C,2019
0.0,0.011263861719823427,Train,T730316-2017,C,2019
0.0,-0.006181185885191366,Train,T130405-2021,C,2019
0.0,0.009717268152490974,Train,T730210-2018,C,2019
0.0,-0.011674946428337418,Train,T160612-2016,C,2019
0.0,0.00025997404207178996,Train,T260107-2015,C,2019
0.0,0.00432247015152148,Train,T140706-2016,C,2019
0.0,0.005944981790531126,Train,T180109-2017,C,2019
0.0,0.010449107449681649,Train,T250902-2016,C,2019
0.0,0.005487406108703966,Train,T210306-2020,C,2019
0.0,0.004771909139405036,Train,T200620-2015,C,2019
0.0,0.00123427118143208,Train,T730604-2017,C,2019
0.0,0.013180689030441504,Train,T250107-2018,C,2019
0.0,0.019356364897308714,Train,T730215-2020,C,2019
0.0,0.015117002767530663,Train,T190114-2020,C,2019
0.0,-0.001895545317362046,Train,T700203-2018,C,2019
0.0,-0.0013786010620489056,Train,T150701-2015,C,2019
0.0,0.01685490294630529,Train,T730303-2020,C,2019
0.0,-0.0005119737793058953,Train,T250801-2022,C,2019
0.0,-0.0013456380309651043,Train,T700121-2016,C,2019
0.0,-0.011846943554131843,Train,T730120-2018,C,2019
0.0,0.0006871172918177782,Train,T140605-2020,C,2019
0.0,0.011244006089405305,Train,T141605-2022,C,2019
0.0,0.00641716905458938,Train,T710704-2015,C,2019
0.0,-0.002090901189247311,Train,T190605-2020,C,2019
0.0,0.003537839527972004,Train,T710517-2016,C,2019
0.0,0.006159083762309289,Train,T240703-2015,C,2019
0.0,-0.0033445447637478706,Train,T160125-2015,C,2019
0.0,0.0034592854752420366,Train,T241002-2022,C,2019
0.0,0.0011747445655689343,Train,T720709-2015,C,2019
0.0,0.007481540720127482,Train,T130113-2022,C,2019
0.0,0.0011851911894316099,Train,T730116-2020,C,2019
0.0,-0.0034197229076267524,Train,T130206-2015,C,2019
0.0,0.02528059163870898,Train,T760613-2017,C,2019
0.0,0.013446962128492446,Train,T770204-2021,C,2019
0.0,0.000712098298913728,Train,T270701-2021,C,2019
0.0,0.000854397533620673,Train,T160508-2016,C,2019
0.0,-0.0004430058742162184,Train,T240508-2017,C,2019
0.0,-0.005225497689346831,Train,T191010-2016,C,2019
0.0,0.004223493154908326,Train,T101106-2022,C,2019
0.0,0.007339560572757627,Train,T180301-2015,C,2019
0.0,-0.009180192285210647,Train,T270511-2022,C,2019
0.0,0.006334683127913096,Train,T141604-2015,C,2019
0.0,-0.010553919122636798,Train,T700510-2015,C,2019
0.0,-0.0014671719373984733,Train,T760607-2016,C,2019
0.0,-0.006335695642233976,Train,T270603-2018,C,2019
0.0,0.03245633362004619,Train,T104201-2022,C,2019
0.0,0.012828366651921773,Train,T760123-2018,C,2019
0.0,0.0266928405339468,Train,T700206-2020,C,2019
0.0,0.00021362969408637595,Train,T730513-2022,C,2019
0.0,-0.010010520068744049,Train,T720604-2018,C,2019
0.0,0.0022790582847586403,Train,T160122-2017,C,2019
0.0,0.006918686368251592,Train,T141106-2017,C,2019
0.0,0.020208514124169248,Train,T140107-2016,C,2019
0.0,0.024910170145969652,Train,T220312-2021,C,2019
0.0,0.0075460668232032934,Train,T730318-2022,C,2019
0.0,-0.008189893674171764,Train,T190503-2016,C,2019
0.0,0.017494358614184757,Train,T270606-2022,C,2019
0.0,0.008244912583321428,Train,T130710-2016,C,2019
0.0,-0.018665836620465226,Train,T140413-2022,C,2019
0.0,-0.004477451672534724,Train,T141006-2018,C,2019
0.0,0.009078517343932505,Train,T760511-2021,C,2019
0.0,0.0009151883725507038,Train,T760123-2015,C,2019
0.0,0.008969476319387923,Train,T240208-2018,C,2019
0.0,0.01908655770801463,Train,T230108-2016,C,2019
0.0,-0.000857754738311745,Train,T720201-2018,C,2019
0.0,-0.003212518278842457,Train,T700507-2015,C,2019
0.0,0.01761022515029531,Train,T220603-2020,C,2019
0.0,-0.0043012838764391916,Train,T240604-2021,C,2019
0.0,0.026628085258389285,Train,T150104-2021,C,2019
0.0,0.013722269100883139,Train,T240601-2021,C,2019
0.0,-0.001178655057578738,Train,T160114-2020,C,2019
0.0,-0.005070872135563825,Train,T710402-2018,C,2019
0.0,-0.004495459384281186,Train,T200607-2020,C,2019
0.0,-0.0034178589872472815,Train,T720106-2018,C,2019
0.0,0.014629904413061275,Train,T250810-2021,C,2019
0.0,0.024161132771138724,Train,T730614-2016,C,2019
0.0,-0.001947823777923937,Train,T260202-2020,C,2019
0.0,-0.009438718236652023,Train,T170201-2016,C,2019
0.0,0.0018447498599836313,Train,T720208-2020,C,2019
0.0,0.01164338352636407,Train,T160611-2017,C,2019
0.0,0.0038310005076522377,Train,T140612-2015,C,2019
0.0,0.002905779619387909,Train,T141403-2021,C,2019
0.0,-0.014559671931746603,Train,T260201-2017,C,2019
0.0,0.033779966964688,Train,T150104-2020,C,2019
0.0,-0.007379870902742807,Train,T730508-2016,C,2019
0.0,0.01675773353890897,Train,T700804-2015,C,2019
0.0,0.006882945440921474,Train,T760201-2015,C,2019
0.0,0.0002503560084563405,Train,T170104-2017,C,2019
0.0,0.03415107312635113,Train,T720803-2016,C,2019
0.0,0.007471390330272779,Train,T760105-2022,C,2019
0.0,-0.004496241380772522,Train,T160123-2015,C,2019
0.0,0.009050929453029473,Train,T770406-2022,C,2019
0.0,0.002901783346572475,Train,T140604-2018,C,2019
0.0,0.0046092140108920385,Train,T190406-2018,C,2019
0.0,-0.0018935278158603319,Train,T150610-2018,C,2019
0.0,0.011584003692810898,Train,T141604-2016,C,2019
0.0,-0.009731774825699355,Train,T260407-2020,C,2019
0.0,0.011689748550573243,Train,T700514-2015,C,2019
0.0,-0.0029767838845239664,Train,T160101-2016,C,2019
0.0,-0.003954276640438078,Train,T150113-2018,C,2019
0.0,0.0024930003084729408,Train,T240204-2017,C,2019
0.0,0.036804122210644094,Train,T120611-2020,C,2019
0.0,-0.004653939129211247,Train,T700512-2022,C,2019
0.0,0.005161187065163117,Train,T150606-2016,C,2019
0.0,-0.004153683979370489,Train,T201006-2016,C,2019
0.0,0.026673094288478832,Train,T220404-2020,C,2019
0.0,0.010493868566090837,Train,T730610-2018,C,2019
0.0,0.0023223060445777704,Train,T160422-2016,C,2019
0.0,-0.004761604611520034,Train,T730203-2018,C,2019
0.0,-0.01845582697776141,Train,T260108-2020,C,2019
0.0,0.0029806348808539295,Train,T160118-2018,C,2019
0.0,0.0012414704445049168,Train,T730206-2021,C,2019
0.0,0.014266691796105433,Train,T710516-2020,C,2019
0.0,0.0045832124634400395,Train,T260206-2017,C,2019
0.0,0.0048296531514320125,Train,T170305-2016,C,2019
0.0,-0.008411070953342903,Train,T141305-2021,C,2019
0.0,-0.002276918903946059,Train,T260409-2021,C,2019
0.0,-0.0026199156973961794,Train,T150506-2018,C,2019
0.0,0.005097789777461816,Train,T120505-2018,C,2019
0.0,-0.002253919593503046,Train,T720209-2020,C,2019
0.0,-0.007593537020789963,Train,T140503-2018,C,2019
0.0,0.001857944877203664,Train,T250205-2018,C,2019
0.0,0.00927277929101094,Train,T720706-2021,C,2019
0.0,0.008175612108361888,Train,T730608-2015,C,2019
0.0,-0.004660709879935596,Train,T140615-2015,C,2019
0.0,0.02649807565908496,Train,T710309-2017,C,2019
0.0,0.06293432816069754,Train,T270602-2021,C,2019
0.0,-0.0035538770659261937,Train,T260403-2021,C,2019
0.0,-0.0002916378117206195,Train,T104605-2022,C,2019
0.0,-0.0040934269109719175,Train,T270507-2016,C,2019
0.0,0.00277027576386595,Train,T760601-2016,C,2019
0.0,0.0010180539856788067,Train,T700903-2018,C,2019
0.0,-8.681105209826261e-05,Train,T710702-2022,C,2019
0.0,0.007390932043773418,Train,T200606-2016,C,2019
0.0,0.015079159963471034,Train,T120606-2021,C,2019
0.0,-0.003742937859102981,Train,T180102-2018,C,2019
0.0,-0.002254165947171735,Train,T201004-2022,C,2019
0.0,0.010748046184221002,Train,T180601-2015,C,2019
0.0,0.002924265829436209,Train,T260304-2018,C,2019
0.0,-0.010116019212323312,Train,T700806-2018,C,2019
0.0,0.009907976417232971,Train,T720410-2018,C,2019
0.0,0.0058375519795837594,Train,T120404-2021,C,2019
0.0,-1.3623755163105376e-05,Train,T710801-2015,C,2019
0.0,-0.006848624269077265,Train,T100305-2020,C,2019
0.0,0.0023389158234927757,Train,T270403-2017,C,2019
0.0,-0.0038394888489385764,Train,T190504-2016,C,2019
0.0,0.005007848225606566,Train,T180505-2018,C,2019
0.0,0.00919679492842807,Train,T700811-2018,C,2019
0.0,-0.005578563869013186,Train,T140119-2020,C,2019
0.0,0.01923686587930501,Train,T200609-2020,C,2019
0.0,0.017293333154222598,Train,T104604-2022,C,2019
0.0,0.02219689581254354,Train,T130104-2021,C,2019
0.0,0.0006366129159384803,Train,T260404-2020,C,2019
0.0,-0.001332921939746565,Train,T700515-2017,C,2019
0.0,0.0047084011130188765,Train,T240507-2021,C,2019
0.0,0.0023374466003198355,Train,T140907-2015,C,2019
0.0,0.00963755756114899,Train,T190313-2018,C,2019
0.0,-0.006529149541811972,Train,T730608-2022,C,2019
0.0,-0.0033531705968699705,Train,T141501-2020,C,2019
0.0,0.003046072282839934,Train,T720409-2020,C,2019
0.0,-0.0048892937164150205,Train,T150605-2020,C,2019
0.0,-0.0037821684875907965,Train,T760505-2016,C,2019
0.0,0.0032795314050166773,Train,T100308-2021,C,2019
0.0,0.01818635236172339,Train,T740312-2016,C,2019
0.0,-0.0019001720603711299,Train,T140810-2015,C,2019
0.0,-0.010829211117024222,Train,T180504-2020,C,2019
0.0,0.0023908285521442784,Train,T100302-2018,C,2019
0.0,0.009659510670588602,Train,T760506-2020,C,2019
0.0,0.01961971410752568,Train,T140812-2016,C,2019
0.0,-0.013515679509870272,Train,T710704-2017,C,2019
0.0,-0.005282547080606349,Train,T180601-2018,C,2019
0.0,0.01009755060106988,Train,T190603-2015,C,2019
0.0,0.017149230185196276,Train,T160201-2016,C,2019
0.0,-0.0006308395170730969,Train,T160418-2018,C,2019
0.0,-0.004414819806726013,Train,T180206-2016,C,2019
0.0,0.008950429406710952,Train,T720706-2016,C,2019
0.0,0.0050248832249306236,Train,T240110-2018,C,2019
0.0,6.930311189509686e-05,Train,T230403-2017,C,2019
0.0,0.00030203281917356203,Train,T180703-2017,C,2019
0.0,-0.001622272111367912,Train,T130402-2021,C,2019
0.0,0.0001574380982615227,Train,T180207-2020,C,2019
0.0,0.003793253566390502,Train,T141408-2016,C,2019
0.0,0.014448212534645536,Train,T150102-2020,C,2019
0.0,0.0021753937617169814,Train,T260410-2018,C,2019
0.0,-0.007048445544892507,Train,T270503-2020,C,2019
0.0,0.020726102669531055,Train,T250608-2017,C,2019
0.0,0.009182944439354714,Train,T260409-2020,C,2019
0.0,-0.008618439275187493,Train,T130607-2018,C,2019
0.0,0.007349021187089759,Train,T130703-2021,C,2019
0.0,0.022529934146853742,Train,T760403-2022,C,2019
0.0,0.017992061388201416,Train,T190906-2020,C,2019
0.0,0.020667492647848222,Train,T140802-2018,C,2019
0.0,0.01379313417897772,Train,T160510-2015,C,2019
0.0,0.0010604611388995648,Train,T221003-2018,C,2019
0.0,0.018265630789566157,Train,T180802-2015,C,2019
0.0,-0.009826623206321676,Train,T191001-2018,C,2019
0.0,0.007055226041203692,Train,T180303-2020,C,2019
0.0,0.016401697627228408,Train,T180608-2021,C,2019
0.0,0.0027475499844690694,Train,T140116-2018,C,2019
0.0,0.0006956010845573324,Train,T101106-2016,C,2019
0.0,0.00031341825766933117,Train,T130710-2021,C,2019
0.0,0.026212281801670696,Train,T140306-2022,C,2019
0.0,0.0010511047900321339,Train,T170406-2016,C,2019
0.0,0.0037772103723529436,Train,T210504-2021,C,2019
0.0,0.0007392708649782236,Train,T140503-2016,C,2019
0.0,-0.008424721964005214,Train,T160107-2018,C,2019
0.0,0.0005860193278316469,Train,T160801-2021,C,2019
0.0,-0.0010562684893087807,Train,T730102-2018,C,2019
0.0,-0.0009144254105966625,Train,T190402-2022,C,2019
0.0,-0.0005632753833564701,Train,T140516-2017,C,2019
0.0,0.014575375676581,Train,T720905-2016,C,2019
0.0,0.008625683201037874,Train,T170202-2021,C,2019
0.0,0.012218498978003266,Train,T140111-2017,C,2019
0.0,0.003484104815357943,Train,T140307-2020,C,2019
0.0,-0.0017070966460637764,Train,T160112-2017,C,2019
0.0,-0.0021493012797158236,Train,T200105-2016,C,2019
0.0,0.0008538336305896352,Train,T150111-2017,C,2019
0.0,-0.002931304872790085,Train,T720901-2016,C,2019
0.0,0.004324266908729658,Train,T700718-2022,C,2019
0.0,-0.0022197223335342275,Train,T160418-2017,C,2019
0.0,-0.005087811742714697,Train,T720714-2015,C,2019
0.0,-0.007717355661494012,Train,T720112-2015,C,2019
0.0,0.020695305178374184,Train,T760409-2020,C,2019
0.0,-0.0010567083882231298,Train,T760501-2015,C,2019
0.0,-0.005897467872341633,Train,T250902-2021,C,2019
0.0,3.8341604845578304e-05,Train,T170502-2015,C,2019
0.0,0.02194784900649119,Train,T711003-2016,C,2019
0.0,0.014021847948404508,Train,T170301-2022,C,2019
0.0,0.049224031490174916,Val,T210109-2017,C,2019
0.0,0.024556032102377008,Val,T230503-2015,C,2019
0.0,0.03143695261242386,Val,T180605-2022,C,2019
0.0,0.029431704915956963,Val,T270601-2016,C,2019
0.1448403516890328,0.06968553133646568,Val,T170401-2022,C,2019
0.0,-0.007022671061239231,Val,T140903-2018,C,2019
0.0,0.09171108814030565,Val,T230403-2018,C,2019
0.0,-0.01264176982056789,Val,T201001-2016,C,2019
0.0,0.0056765514971032615,Val,T700607-2020,C,2019
0.0,0.012494581980249357,Val,T700111-2017,C,2019
0.0,-0.0032916491498711205,Val,T710203-2015,C,2019
0.0,0.0032374121246294134,Val,T170305-2020,C,2019
0.0099502487562189,0.038128673569727406,Val,T250809-2018,C,2019
0.0,0.02818406443944904,Val,T190403-2021,C,2019
0.0170459274549298,0.03273437054817354,Val,T160610-2021,C,2019
0.0,0.003429343418736157,Val,T720403-2022,C,2019
0.2990415335463259,0.052121285867595527,Val,T700706-2016,C,2019
0.0,-0.005725395833519534,Val,T190606-2018,C,2019
0.0,0.011417619845467481,Val,T241102-2016,C,2019
0.0,-0.026088913455981185,Val,T170502-2016,C,2019
0.0,0.05526586007589738,Val,T104604-2016,C,2019
0.0,0.02951094493115522,Val,T710801-2022,C,2019
0.0751445086705202,0.016406365449696026,Val,T760109-2017,C,2019
0.0,0.0004908956753909046,Val,T141213-2018,C,2019
0.0,0.06567681814723912,Val,T760112-2022,C,2019
0.0,0.029964328670395397,Val,T240701-2020,C,2019
0.0,-0.007330349846606398,Val,T730320-2018,C,2019
0.0,0.018463567644209422,Val,T250306-2020,C,2019
0.0,-0.011516003326988107,Val,T240901-2020,C,2019
0.0,0.022428798052413743,Val,T130604-2016,C,2019
0.0,0.013346871247044324,Val,T720110-2016,C,2019
0.0,0.03922025271608396,Val,T260403-2018,C,2019
0.0,0.05550186277205638,Val,T140702-2016,C,2019
0.0,0.04061332548486802,Val,T700512-2017,C,2019
0.0,0.0101384291130285,Val,T110206-2016,C,2019
0.0,0.010765274758663875,Val,T730122-2018,C,2019
0.0,0.041945088161621964,Val,T190703-2022,C,2019
0.0,0.0007184811022468784,Val,T130502-2020,C,2019
0.0,0.004605977546241346,Val,T180702-2018,C,2019
0.0,0.011642838609731358,Val,T140406-2017,C,2019
0.0,0.04195433101841301,Val,T190506-2015,C,2019
0.0,-0.0016597701368560585,Val,T160706-2016,C,2019
0.0,0.01844005620982973,Val,T710103-2017,C,2019
0.0,0.06593017802966492,Val,T130105-2017,C,2019
0.0,0.023460659547267056,Val,T190105-2018,C,2019
0.0,0.00798498182097496,Val,T140414-2018,C,2019
0.0,-0.007017523115450546,Val,T720602-2018,C,2019
0.0,-0.02223496005441056,Val,T700711-2021,C,2019
0.0,0.018126633011253508,Val,T720804-2016,C,2019
0.0507799482679277,0.04459793105772608,Val,T150307-2017,C,2019
0.0,0.01273334574148945,Val,T140418-2021,C,2019
0.0,0.0037802384891225177,Val,T720403-2015,C,2019
0.0,0.0313121847896245,Val,T141405-2017,C,2019
0.0,0.052844726195491735,Val,T730124-2016,C,2019
0.0,0.0605670257955841,Val,T220313-2018,C,2019
0.0,0.028525726689143605,Val,T230114-2016,C,2019
0.0,-0.004174404834988827,Val,T250607-2018,C,2019
0.0,-0.0037390257670648994,Val,T130405-2015,C,2019
0.0904055516648628,0.05065762215584004,Val,T270804-2020,C,2019
0.0,0.025092577716274815,Val,T190703-2020,C,2019
0.0,0.03963573921390115,Val,T140608-2022,C,2019
0.0,0.06663352561269568,Val,T220202-2020,C,2019
0.0,0.010881470891001999,Val,T140116-2015,C,2019
0.0,0.029059295453269716,Val,T250704-2015,C,2019
0.0,0.02134791742924631,Val,T180107-2015,C,2019
0.0,-0.005324703299407799,Val,T140414-2015,C,2019
0.0570043167169298,0.008781347259457969,Val,T240308-2015,C,2019
0.0,-0.006322049099066891,Val,T190317-2018,C,2019
0.0,0.04415414495539393,Val,T110201-2015,C,2019
0.0,0.010060923144449618,Val,T270507-2015,C,2019
0.0,-0.005733647239185698,Val,T141205-2018,C,2019
0.0,0.05570834836078458,Val,T190703-2021,C,2019
0.0,0.04215160211074767,Val,T180505-2022,C,2019
0.0,0.003978506842741405,Val,T270903-2018,C,2019
0.0,0.00924446293168843,Val,T250804-2018,C,2019
0.0576083107071184,0.025659818087083664,Val,T720706-2017,C,2019
0.0,0.026315539061143752,Val,T220202-2016,C,2019
0.0,-0.01460906594420821,Val,T260202-2017,C,2019
0.0,-4.017311550183098e-05,Val,T240119-2021,C,2019
0.0,-0.0024454460856707556,Val,T720501-2018,C,2019
0.0,0.0066274534422821035,Val,T141302-2021,C,2019
0.0,0.01020771941524073,Val,T100306-2015,C,2019
0.0,0.02173963572182798,Val,T140115-2021,C,2019
0.0,0.006579397320913104,Val,T170605-2020,C,2019
0.0,-0.0007058041695896391,Val,T190101-2016,C,2019
0.0,0.05259152965412886,Val,T180303-2021,C,2019
0.0,0.021184395187484314,Val,T130601-2022,C,2019
0.0,0.004070989301546848,Val,T141503-2015,C,2019
0.0,0.015454627342355604,Val,T120501-2017,C,2019
0.0,0.035729284881919364,Val,T770105-2022,C,2019
0.0155723044341024,0.022497826918811248,Val,T141507-2017,C,2019
0.0,0.027716581168358918,Val,T240412-2015,C,2019
0.0,-0.01181339931113435,Val,T140811-2015,C,2019
0.0,0.011046850637003594,Val,T250206-2021,C,2019
0.0,0.05404768493002769,Val,T150407-2017,C,2019
0.0543561087122174,0.009451361407314186,Val,T150401-2022,C,2019
0.0,0.02418805870950228,Val,T710802-2016,C,2019
0.0,0.014927242555777391,Val,T730125-2021,C,2019
0.0,0.01868072498541842,Val,T760201-2021,C,2019
0.0,0.020891650167480222,Val,T170503-2022,C,2019
0.0,0.09273935692895875,Val,T220704-2022,C,2019
0.0,-0.010449904565475333,Val,T190317-2015,C,2019
0.0,0.04843469163053421,Val,T740204-2022,C,2019
0.0,0.05735674935849667,Val,T250304-2020,C,2019
0.0,-0.0038005642718674983,Val,T130504-2017,C,2019
0.0,0.0056421357998703596,Val,T240201-2020,C,2019
0.0,0.00871434468200269,Val,T141105-2022,C,2019
0.0,0.017842382578336757,Val,T190506-2016,C,2019
0.0541938662396846,0.02437169062974695,Val,T210504-2022,C,2019
0.2706766917293233,0.01331104035974434,Val,T161003-2017,C,2019
0.0,0.04578036749656428,Val,T700114-2015,C,2019
0.0,0.04016054389932878,Val,T190306-2020,C,2019
0.0,0.017220703132566958,Val,T710904-2022,C,2019
0.130019120458891,0.046366785680856955,Val,T200618-2015,C,2019
0.0,0.014377417966800926,Val,T240301-2015,C,2019
0.0,-0.005531195796164952,Val,T150107-2015,C,2019
0.0150581793292265,0.055803826876663375,Val,T140203-2021,C,2019
0.0,0.13101352245442802,Val,T220203-2022,C,2019
0.0,-0.024313569261769467,Val,T160422-2018,C,2019
0.0,-0.006125450816719082,Val,T200502-2022,C,2019
0.0,0.01967057154654803,Val,T710612-2017,C,2019
0.0,0.041615281336279265,Val,T720301-2021,C,2019
0.0413194444444444,0.03378717454586863,Val,T150411-2017,C,2019
0.0,0.06488325632173843,Val,T730603-2021,C,2019
0.0,-0.010193769766911304,Val,T140503-2015,C,2019
0.0,0.037764514675017256,Val,T160120-2016,C,2019
0.0,0.01551774872184,Val,T120605-2015,C,2019
0.0,0.014462294472403926,Val,T141108-2015,C,2019
0.0,-0.006856681470928184,Val,T720509-2018,C,2019
0.0,0.033753368600302924,Val,T700602-2021,C,2019
0.00042042851651,-0.005826568718816966,Val,T721001-2022,C,2019
0.0,0.01976638894304908,Val,T170403-2015,C,2019
0.0,0.007059508542178588,Val,T141206-2018,C,2019
0.0,0.006875357372869037,Val,T170504-2016,C,2019
0.0,-0.0057727117483299785,Val,T240605-2021,C,2019
0.0,0.06396231461107606,Val,T160101-2021,C,2019
0.0,0.02597623941736954,Val,T180106-2015,C,2019
0.0,0.009759306813130197,Val,T190315-2016,C,2019
0.0,0.0026736129287500687,Val,T730406-2015,C,2019
0.0,-0.0010010998866699476,Val,T140402-2021,C,2019
0.0,0.0094538891432411,Val,T760618-2015,C,2019
0.0,0.06312739234163574,Val,T220503-2016,C,2019
0.0,0.022136622532189426,Val,T740210-2015,C,2019
0.0,0.046859757679364886,Val,T250203-2017,C,2019
0.0,0.04366495775571527,Val,T190112-2022,C,2019
0.0,0.014980869653458774,Val,T130204-2022,C,2019
0.0,0.00553959817222052,Val,T160704-2017,C,2019
0.0,0.03109910264039513,Val,T141303-2021,C,2019
0.0,-0.005889487249403319,Val,T201005-2017,C,2019
0.0,-0.01120739332017281,Val,T140210-2020,C,2019
0.0,0.01593295952390954,Val,T140417-2020,C,2019
0.0,0.010988333178907869,Val,T180105-2015,C,2019
0.0,0.008873595214955182,Val,T130305-2022,C,2019
0.0,0.1073683019623075,Val,T141603-2021,C,2019
0.0,0.006793033035156439,Val,T240105-2018,C,2019
0.0373327578765645,-0.002450385406500133,Val,T140307-2016,C,2019
0.0,0.004034361481175428,Val,T130107-2022,C,2019
0.0,-0.004051390998953115,Val,T700202-2015,C,2019
0.0,0.06495535407249478,Val,T230103-2015,C,2019
0.0,0.03329083837521798,Val,T190405-2022,C,2019
0.0,0.02282069674779261,Val,T141401-2021,C,2019
0.0,0.035616033522990746,Val,T220504-2022,C,2019
0.0012568077084206,0.003486929516727043,Val,T180302-2017,C,2019
0.0,0.05816020093876549,Val,T740208-2016,C,2019
0.0,0.042116662291866315,Val,T160120-2021,C,2019
0.0,0.017293886370381966,Val,T700201-2022,C,2019
0.0,0.00940443452781425,Val,T200614-2020,C,2019
0.0,0.0331762985151787,Val,T250904-2017,C,2019
0.0,0.007106392981202667,Val,T730308-2020,C,2019
0.0,0.026141211561446345,Val,T720302-2020,C,2019
0.0,0.0070104032197055854,Val,T730314-2015,C,2019
0.0055413872359182,-0.001453303735471957,Val,T720413-2016,C,2019
0.0,0.015561411660762496,Val,T190301-2018,C,2019
0.0,0.005457095316342441,Val,T160406-2018,C,2019
0.0,0.002042990376596087,Val,T130602-2015,C,2019
0.0,0.03910469904565036,Val,T180207-2022,C,2019
0.0,0.006381139730112604,Val,T260106-2021,C,2019
0.0,0.03599561599138427,Val,T700718-2017,C,2019
0.0,0.019557777638370456,Val,T720509-2021,C,2019
0.0,0.04840198086406598,Val,T740210-2020,C,2019
0.0,-0.002443420899790093,Val,T104801-2017,C,2019
0.0,0.03047144045074145,Val,T240118-2022,C,2019
0.0,0.004026823396040738,Val,T730314-2020,C,2019
0.0,-0.013470178140262995,Val,T101104-2018,C,2019
0.0,-0.0015363936406587956,Val,T130108-2021,C,2019
0.0,0.03380971213925925,Val,T740210-2021,C,2019
0.0,0.02356186049553858,Val,T120209-2016,C,2019
0.0,-0.006027418109521662,Val,T730602-2020,C,2019
0.0,0.010397093810245167,Val,T170609-2017,C,2019
0.0,0.02106493007801844,Val,T260304-2016,C,2019
0.6902985074626866,0.023293734728381237,Val,T160410-2021,C,2019
0.0,0.006712010788836871,Val,T730322-2020,C,2019
0.0,0.08751336424790787,Val,T760406-2016,C,2019
0.0,-0.001676909718968399,Val,T150504-2015,C,2019
0.0,0.004345685401448313,Val,T240507-2020,C,2019
0.0,0.002513224415728647,Val,T720701-2020,C,2019
0.0,0.009534988344135107,Val,T230403-2015,C,2019
0.0,-0.008779332364175408,Val,T140816-2015,C,2019
0.0067899322279889,0.08120772200627584,Val,T190601-2021,C,2019
0.0,-0.010350214255615033,Val,T180608-2018,C,2019
0.0,0.04313734233845772,Val,T190406-2022,C,2019
0.1399770047327468,0.046117949149790304,Val,T190604-2021,C,2019
0.0,-0.024250651418161042,Val,T260110-2020,C,2019
0.0,0.019844505100170006,Val,T710303-2018,C,2019
0.0,0.02707411423246391,Val,T730604-2022,C,2019
0.0,-0.010061036834258007,Val,T180302-2018,C,2019
0.0,0.0032554928792362377,Val,T140807-2018,C,2019
0.0,0.012697484591766246,Val,T130702-2021,C,2019
0.0,-0.006255448196494227,Val,T141410-2021,C,2019
0.0,-0.0070116857437537445,Val,T730107-2020,C,2019
0.0,0.014718751323905323,Val,T270106-2016,C,2019
0.0,-0.007330520847665237,Val,T730209-2018,C,2019
0.0,0.0006177437505711526,Val,T120305-2015,C,2019
0.0,0.029933095248762993,Val,T140617-2020,C,2019
0.0,-0.0027690564624718896,Val,T180106-2022,C,2019
0.0,0.00395459573966039,Val,T140607-2020,C,2019
0.0,-0.00011574020990464968,Val,T260310-2016,C,2019
0.0,0.030096445811572805,Val,T720402-2016,C,2019
0.01707779886148,0.004285816966448492,Val,T720111-2020,C,2019
0.0,-0.005997784039368989,Val,T150605-2018,C,2019
0.0,-0.003909560586522461,Val,T270902-2018,C,2019
0.0,0.0016349855977287812,Val,T140412-2017,C,2019
0.0,-0.004870860442638981,Val,T720404-2015,C,2019
0.0,0.02115711894514409,Val,T120209-2020,C,2019
0.0,0.04105625354192985,Val,T700204-2015,C,2019
0.0,0.02209741943714401,Val,T270301-2016,C,2019
0.0,-0.008534034636984126,Val,T150501-2020,C,2019
0.0,0.04256222086568204,Val,T240302-2020,C,2019
0.0,0.040338084113862485,Val,T720901-2018,C,2019
0.0,-0.006777711068314778,Val,T140312-2015,C,2019
0.0,0.00829566729372074,Val,T100303-2022,C,2019
0.0,0.013054924310179229,Val,T141007-2022,C,2019
0.0,0.019055326768237527,Val,T160905-2015,C,2019
0.0,0.01144747200384389,Val,T720214-2020,C,2019
0.0751419113476908,0.06692146898424438,Val,T150609-2021,C,2019
0.0,0.04773975663080387,Val,T760618-2022,C,2019
0.0,0.09806912565052146,Val,T160114-2022,C,2019
0.0,-0.003843560953810547,Val,T200620-2022,C,2019
0.0,-0.013606551043896036,Val,T170610-2017,C,2019
0.0,-0.0033592600692673178,Val,T250306-2015,C,2019
0.0,0.015792064682248565,Val,T270601-2020,C,2019
0.0,0.014637752445469769,Val,T260407-2016,C,2019
0.0,0.009527848358317362,Val,T150610-2020,C,2019
0.0,0.0014683243161758845,Val,T760114-2022,C,2019
0.0,0.01641970019099834,Val,T104202-2022,C,2019
0.0,0.021927648744996392,Val,T191010-2017,C,2019
0.0,0.08752709167780107,Val,T240204-2020,C,2019
0.2975609756097561,0.039948365801674365,Val,T710113-2021,C,2019
0.0,0.04027933216393162,Val,T200113-2016,C,2019
0.0,-0.0029640123836308166,Val,T160101-2018,C,2019
0.0,0.001029951114368389,Val,T240516-2020,C,2019
0.0,0.0034242427121481843,Val,T710301-2018,C,2019
0.1778731521220791,0.20433475750346938,Val,T200610-2017,C,2019
0.0,0.011031407291956986,Val,T120606-2018,C,2019
0.0,0.008370480545125984,Val,T720112-2016,C,2019
0.0,0.026286004313008086,Val,T160104-2022,C,2019
0.0,0.04230235471354171,Val,T160414-2020,C,2019
0.0,0.011616162575548082,Val,T130608-2016,C,2019
0.0,0.012571196735729971,Val,T150208-2018,C,2019
0.0,0.015557467965304057,Val,T740312-2018,C,2019
0.0,0.08654762878358008,Val,T140121-2016,C,2019
0.0,0.019300289025717416,Val,T740310-2021,C,2019
0.0,0.0005422931567811234,Val,T130702-2015,C,2019
0.0,-2.018432159524656e-05,Val,T140803-2018,C,2019
0.0,-0.004635023374071289,Val,T141503-2016,C,2019
0.0020118343195266,0.013932835688778414,Val,T150409-2022,C,2019
0.0498034076015727,0.07122943473357532,Val,T150204-2016,C,2019
0.0,0.07934104932141116,Val,T270309-2021,C,2019
0.0852725793327909,0.1069092974614916,Val,T150408-2022,C,2019
0.0107487651839227,0.03827514259885972,Val,T160803-2017,C,2019
0.0224898176022666,0.020585432027224147,Val,T170406-2017,C,2019
0.0229292060762396,-0.006935151351272623,Val,T700503-2021,C,2019
0.0,0.014966914516186031,Val,T760208-2021,C,2019
0.0425230333097094,0.024915049611105442,Val,T161001-2021,C,2019
0.0,-0.006235095080669469,Val,T140406-2016,C,2019
0.0,-0.0035551927709869826,Val,T141406-2018,C,2019
0.0,0.002623147849415581,Val,T250707-2018,C,2019
0.0,0.012274404083290481,Val,T700804-2018,C,2019
0.0,0.026800379785711224,Val,T250105-2017,C,2019
0.0,0.04364069120301777,Val,T700901-2018,C,2019
0.0,0.03151235406773705,Val,T260301-2015,C,2019
0.0,-0.0006739529221997251,Val,T110202-2022,C,2019
0.0,0.060803701272988585,Val,T740204-2020,C,2019
0.0,0.002000469458794082,Val,T140309-2016,C,2019
0.0,0.059981200309849075,Val,T730309-2020,C,2019
0.0,0.08307935438813673,Val,T161102-2022,C,2019
0.0,-0.0002077676460380055,Val,T240503-2015,C,2019
0.1065877128053293,-0.012295852211219014,Val,T160402-2022,C,2019
0.0,-0.0014267816651683727,Val,T140406-2015,C,2019
0.0,0.019638081866402857,Val,T160112-2015,C,2019
0.0,0.041498574622438174,Val,T200704-2017,C,2019
0.0,0.010521184863229205,Val,T141302-2020,C,2019
0.0,0.05439112417156395,Val,T140617-2021,C,2019
0.0,-0.008292016554886135,Val,T141202-2018,C,2019
0.0254083484573502,0.01070483829935361,Val,T150507-2016,C,2019
0.0,0.0690897551047615,Val,T160301-2022,C,2019
0.0,0.019838851105131148,Val,T180105-2017,C,2019
0.0,-0.02205168581642656,Val,T170106-2020,C,2019
0.0,0.019799344015135993,Val,T130603-2017,C,2019
0.0061415267599312,0.04642570734514459,Val,T170605-2021,C,2019
0.0216498693542366,0.02060622413824377,Val,T720109-2021,C,2019
0.0,0.03281737867623707,Val,T170504-2015,C,2019
0.0,0.03969405031651664,Val,T140711-2017,C,2019
0.0,0.03174412701579609,Val,T710104-2017,C,2019
0.0,0.02793057950340861,Val,T270902-2021,C,2019
0.0,-0.005080749412185971,Val,T141205-2020,C,2019
0.0,0.004955486422193893,Val,T160322-2017,C,2019
0.0,0.017824603229705357,Val,T190311-2015,C,2019
0.0,-0.006625821880541693,Val,T270102-2021,C,2019
0.0,0.006503293367445436,Val,T140303-2020,C,2019
0.0,-0.0065082294664965635,Val,T250110-2018,C,2019
0.708505367464905,0.007697425952462356,Val,T160414-2022,C,2019
0.0,-0.011740655249593545,Val,T201005-2015,C,2019
0.0,-0.008353284067344213,Val,T170203-2015,C,2019
0.0,-0.0026066853583387936,Val,T141209-2018,C,2019
0.0,0.0029043567198927507,Val,T200618-2022,C,2019
0.0,0.0024558576303977267,Val,T150303-2015,C,2019
0.0,0.003030962868024491,Val,T140603-2018,C,2019
0.3127753303964757,0.0693215782753067,Val,T140803-2016,C,2019
0.0,0.02546338325001836,Val,T270610-2017,C,2019
0.0,0.054587046007628426,Val,T170102-2015,C,2019
0.0,0.0033603962313468114,Val,T700515-2015,C,2019
0.0,0.0005952747233309433,Val,T130701-2017,C,2019
0.1180444904671098,0.03587967648490539,Val,T150703-2021,C,2019
0.0,0.08433703072816466,Val,T160203-2022,C,2019
0.0,0.015235599983597352,Val,T260404-2016,C,2019
0.0,-0.003986541544247521,Val,T241104-2018,C,2019
0.0,0.04380038103720405,Val,T770705-2022,C,2019
0.0,-0.01888775367532042,Val,T230503-2018,C,2019
0.0,-5.8559717569490934e-05,Val,T260207-2016,C,2019
0.0,0.03426639666497221,Val,T730309-2016,C,2019
0.0,-0.013984358319994514,Val,T710515-2018,C,2019
0.0,0.0012444404464479742,Val,T210506-2022,C,2019
0.0,0.011238872455300915,Val,T141403-2020,C,2019
0.0,0.004044645345464031,Val,T200707-2022,C,2019
0.0,0.03424922916311943,Val,T220108-2018,C,2019
0.0,0.024127421680499785,Val,T140701-2021,C,2019
0.0,0.03939912488052825,Val,T220503-2017,C,2019
0.01117458711904,0.029181617789853825,Val,T170604-2021,C,2019
0.0,0.006513998536242177,Val,T141007-2016,C,2019
0.0,0.04577080821511889,Val,T241002-2016,C,2019
0.0,0.01891613574175986,Val,T170205-2016,C,2019
0.0,0.016413022940550456,Val,T700504-2018,C,2019
0.0,0.006601694584047148,Val,T770705-2016,C,2019
0.0,0.011718701358301255,Val,T190313-2017,C,2019
0.0,0.006355907941855779,Val,T720203-2018,C,2019
0.0,0.01862928060641147,Val,T160301-2018,C,2019
0.0,0.030342744630258763,Val,T770503-2022,C,2019
0.0,0.005740052954829592,Val,T130603-2022,C,2019
0.2079755567551531,0.06623542767905423,Val,T720807-2021,C,2019
0.0,0.02358083212791867,Val,T220313-2016,C,2019
0.0,0.023931809744527778,Val,T740311-2017,C,2019
0.0,0.005255301935852547,Val,T730208-2021,C,2019
0.0,0.041910267882022886,Val,T200303-2022,C,2019
0.0,0.018740888001718144,Val,T130711-2017,C,2019
0.0,-0.0020659096864194654,Val,T730312-2020,C,2019
0.0,0.006386404406602538,Val,T700810-2016,C,2019
0.0327275702506386,0.054307031080405355,Val,T760106-2018,C,2019
0.0,-0.0016707289584725696,Val,T120604-2017,C,2019
0.0,0.042929372409386296,Val,T710701-2017,C,2019
0.0,0.026631748912447902,Val,T240603-2016,C,2019
0.0,-0.004836851266972221,Val,T170104-2015,C,2019
0.004370042121988,-0.0030300950562672786,Val,T730502-2022,C,2019
0.0,0.016376117479345417,Val,T130703-2022,C,2019
0.0,-0.005953880006791282,Val,T720105-2015,C,2019
0.0,0.009076623661386727,Val,T210103-2020,C,2019
0.0,0.01919103816112453,Val,T260303-2018,C,2019
0.0,-0.01859959236487269,Val,T220704-2018,C,2019
0.0,-0.014078123898798013,Val,T720601-2015,C,2019
0.0,0.004404496177683896,Val,T120110-2022,C,2019
0.0,0.009737681074863001,Val,T270603-2016,C,2019
0.0,0.030937890965262036,Val,T170205-2018,C,2019
0.4075504075504075,0.043898293257195936,Val,T180404-2021,C,2019
0.0,0.00444573304221629,Val,T730118-2017,C,2019
0.0,0.02949094903315761,Val,T160410-2018,C,2019
0.0,-0.010750658109601565,Val,T260401-2021,C,2019
0.0,0.006103062893255145,Val,T190504-2018,C,2019
0.0500047019956905,-0.0013805061657597391,Val,T170603-2016,C,2019
0.0,0.03776511420983467,Val,T700120-2017,C,2019
0.2970752955818295,0.07081188570626996,Val,T150201-2021,C,2019
0.0,0.014249885130978026,Val,T700706-2015,C,2019
0.0,0.11277479982453487,Val,T700109-2018,C,2019
0.1161861883668578,0.020266356806904553,Val,T230306-2016,C,2019
0.0247172182656053,0.005893445923293904,Val,T150303-2017,C,2019
0.0,0.014261984673242446,Val,T220312-2018,C,2019
0.0,0.10796684503474527,Val,T160804-2021,C,2019
0.0,0.007382480613714244,Val,T200616-2018,C,2019
0.0,0.11022185015274287,Val,T210312-2017,C,2019
0.0,0.06511215051515888,Val,T220104-2022,C,2019
0.0018951956789538,0.07389805023772261,Val,T180504-2022,C,2019
0.0,0.0006326937749053315,Val,T200503-2021,C,2019
0.0,-0.005371111656118413,Val,T710406-2018,C,2019
0.0,0.011696743715646924,Val,T191008-2018,C,2019
0.0,0.0348628841714196,Val,T720909-2020,C,2019
0.0,0.014152261663908434,Val,T140409-2021,C,2019
0.0,0.004836145790700509,Val,T270201-2022,C,2019
0.0,0.015388401189009719,Val,T110203-2018,C,2019
0.0,0.013072258268728439,Val,T130104-2017,C,2019
0.0,0.13611222751107327,Val,T240511-2017,C,2019
0.0,-0.002204654085505848,Val,T170603-2020,C,2019
0.0,0.03413379026457923,Val,T240115-2015,C,2019
0.0,0.13723104987181783,Val,T160125-2022,C,2019
0.0,-0.0015117252786755134,Val,T190112-2018,C,2019
0.0,0.004258077017894925,Val,T130605-2018,C,2019
0.0,-0.018886645200241733,Val,T140709-2018,C,2019
0.0,0.03550847335959277,Val,T190107-2018,C,2019
0.0,0.030037804937945802,Val,T760203-2015,C,2019
0.0,0.06831717975963209,Val,T750304-2020,C,2019
0.0,-0.0031950945291914818,Val,T190606-2016,C,2019
0.0,0.04948017197480691,Val,T250102-2021,C,2019
0.0,-0.0011698791199171734,Val,T720118-2018,C,2019
0.0,0.03850541013407555,Val,T770201-2015,C,2019
0.0,0.031765408930988025,Val,T730116-2021,C,2019
0.0,0.009355890080837764,Val,T710108-2017,C,2019
0.0,0.026450020004509293,Val,T720201-2015,C,2019
0.0,0.030490034411810345,Val,T100508-2017,C,2019
0.0,0.022047516301998273,Val,T700514-2022,C,2019
0.0,-0.0018859165140080098,Val,T100303-2020,C,2019
0.0,0.00695850968704748,Val,T190609-2017,C,2019
0.0,0.06425346424901929,Val,T240411-2021,C,2019
0.0,0.010846068619712509,Val,T260107-2020,C,2019
0.0,-0.01493980775793169,Val,T140609-2020,C,2019
0.0,-0.0027830728825517423,Val,T160503-2018,C,2019
0.0,0.02467945983086615,Val,T130109-2017,C,2019
0.5874348116405068,0.034396145230720494,Val,T160401-2021,C,2019
0.0,0.010927840987798186,Val,T260103-2020,C,2019
0.0,0.0017975315061141465,Val,T140414-2021,C,2019
0.0,0.00889697152844821,Val,T760514-2020,C,2019
0.0,0.0016315140849923128,Val,T240605-2016,C,2019
0.0,0.028193985855607045,Val,T760603-2016,C,2019
0.0,0.01622564638815549,Val,T260308-2018,C,2019
0.0,0.047564626256782594,Val,T180206-2021,C,2019
0.0,0.0004312502094938778,Val,T120302-2021,C,2019
0.0,0.04771644957387793,Val,T700104-2017,C,2019
0.0,0.0055199897369463844,Val,T150603-2018,C,2019
0.0,0.001993159829097223,Val,T170207-2017,C,2019
0.0,-0.009219479552630838,Val,T730506-2015,C,2019
0.0,0.01195828350370024,Val,T240509-2016,C,2019
0.0,0.0128305663717438,Val,T270603-2021,C,2019
0.0,0.028999981115122045,Val,T140110-2018,C,2019
0.0,-0.004732767681419445,Val,T720114-2018,C,2019
0.0165751749829735,-0.0037352629394050364,Val,T240703-2018,C,2019
0.0339366515837104,-0.0023949472941521503,Val,T104604-2020,C,2019
0.0,-0.003554523217416684,Val,T140618-2015,C,2019
0.0,0.02138783262120437,Val,T730115-2020,C,2019
0.0,-0.016610490707939265,Val,T190502-2016,C,2019
0.0,0.06905936861035392,Val,T201101-2015,C,2019
0.0,0.006935478605205364,Val,T260204-2018,C,2019
0.0,-0.008530936397531285,Val,T200506-2022,C,2019
0.040992448759439,0.019884176650344743,Val,T730123-2022,C,2019
0.0,0.006037269020216082,Val,T730314-2017,C,2019
0.0,0.04273119396539157,Val,T140119-2017,C,2019
0.0,0.005678142703590753,Val,T160114-2018,C,2019
0.0,0.04253622835679696,Val,T200602-2020,C,2019
0.0,0.017171019158437224,Val,T180602-2018,C,2019
0.0,0.03444884550062214,Val,T161105-2018,C,2019
0.0,-0.007262405863063066,Val,T700805-2021,C,2019
0.0,0.005933015800680891,Val,T241104-2016,C,2019
0.0,0.04124031733078403,Val,T710702-2015,C,2019
0.0,-0.0014683993073738271,Val,T720213-2018,C,2019
0.0061327611369847,0.01582020300500407,Val,T760403-2017,C,2019
0.0,0.01976652042750692,Val,T150506-2017,C,2019
0.0,0.05423072367986956,Val,T160503-2022,C,2019
0.0,-0.0032657487289355002,Val,T190211-2020,C,2019
0.0,0.008516274978685102,Val,T720104-2018,C,2019
0.0,0.02487111900017671,Val,T260203-2021,C,2019
0.0,0.0009746184972238686,Val,T120304-2017,C,2019
0.0,0.025930177628317324,Val,T260204-2021,C,2019
0.0,0.031221206792717705,Val,T710613-2017,C,2019
0.0,0.010166051296457621,Val,T220902-2016,C,2019
0.0,0.05794537114041897,Val,T190502-2021,C,2019
0.0,0.05781431810582168,Val,T710701-2016,C,2019
0.0246848156678374,0.056346960023851915,Val,T180402-2022,C,2019
0.0053002070393374,0.002239125427601671,Val,T160609-2017,C,2019
0.0,0.008972468089187502,Val,T160606-2015,C,2019
0.0,0.018993129661000814,Val,T140402-2018,C,2019
0.0,0.006004531988933126,Val,T730502-2018,C,2019
0.0,-0.009733413404622823,Val,T140808-2020,C,2019
0.0022444715859249,0.054356112904947,Val,T161104-2022,C,2019
0.0,0.021993258274201868,Val,T220103-2021,C,2019
0.0,0.004675309941481652,Val,T140507-2017,C,2019
0.0049093655589123,0.05774445982415325,Val,T160111-2021,C,2019
0.0,-0.002947869152917475,Val,T270510-2022,C,2019
0.0,0.01737155545172632,Val,T760121-2016,C,2019
0.007718512558733,0.02846058925061654,Val,T180609-2016,C,2019
0.0,0.03189729946283672,Val,T150407-2020,C,2019
0.0,-0.0050646988382276005,Val,T270309-2017,C,2019
0.0,-0.017236594830080727,Val,T191004-2020,C,2019
0.0,0.034903822943695526,Val,T760515-2018,C,2019
0.0,0.01434236317574555,Val,T140201-2016,C,2019
0.0,0.03563453115010338,Val,T241002-2020,C,2019
0.0,0.012355514994257384,Val,T700113-2021,C,2019
0.0,0.007289741437177607,Val,T700708-2021,C,2019
0.0,-0.0023936546310147347,Val,T730322-2016,C,2019
0.0,0.05947290562230984,Val,T150102-2022,C,2019
0.0,0.034682959934891795,Val,T180203-2022,C,2019
0.0,-0.00010404796239819091,Val,T240116-2017,C,2019
0.0,0.001416271576749787,Val,T160403-2017,C,2019
0.0,0.014048338582938538,Val,T260303-2022,C,2019
0.0,0.04429844082058452,Val,T720509-2017,C,2019
0.0,0.02538713409750728,Val,T241103-2016,C,2019
0.0,0.011780685112743853,Val,T140409-2017,C,2019
0.0,0.023783306251167424,Val,T710111-2017,C,2019
0.0,0.0015768640178885547,Val,T260105-2020,C,2019
0.0,0.008613515793050471,Val,T710508-2022,C,2019
0.0,0.09893582129677198,Val,T140801-2022,C,2019
0.0,0.06600790718167807,Val,T760210-2021,C,2019
0.0,0.013572159523848984,Val,T141204-2022,C,2019
0.0,0.031874344631728696,Val,T200113-2017,C,2019
0.0,0.024663101337745536,Val,T180703-2021,C,2019
0.0,-0.009234074790818827,Val,T730703-2018,C,2019
0.0,0.00972036011967657,Val,T141510-2020,C,2019
0.0,0.028652336618539397,Val,T140708-2018,C,2019
0.0,0.0035734945140232766,Val,T141106-2021,C,2019
0.0,0.032137415820742594,Val,T150703-2017,C,2019
0.0,0.03182669164151926,Val,T240411-2017,C,2019
0.0,-0.009031829511785985,Val,T150307-2020,C,2019
0.0,0.00912514584665504,Val,T240514-2015,C,2019
0.0,0.030119485324815246,Val,T150705-2016,C,2019
0.0,0.004853449997729268,Val,T720503-2020,C,2019
0.0,0.014386823865481228,Val,T170201-2017,C,2019
0.0,0.011788788554289362,Val,T140203-2020,C,2019
0.0,0.05900960336221079,Val,T760404-2020,C,2019
0.0,0.015597692764667792,Val,T260105-2017,C,2019
0.0,0.01456671816469667,Val,T180304-2020,C,2019
0.0,-0.0024898045853707423,Val,T141605-2018,C,2019
0.0,0.014706671872413505,Val,T160302-2015,C,2019
0.0,0.0142342657761322,Val,T250105-2020,C,2019
0.0,0.03385955428193398,Val,T180105-2020,C,2019
0.0,0.041880453230848415,Val,T140308-2017,C,2019
0.0,0.024670601696011003,Val,T270206-2020,C,2019
0.0,0.120353833468902,Val,T200501-2017,C,2019
0.0,0.016703992198995397,Val,T104602-2020,C,2019
0.0,0.10685062675222834,Val,T140803-2017,C,2019
0.0,0.0008352854069986161,Val,T130304-2016,C,2019
0.0,0.011999796389400604,Val,T190215-2018,C,2019
0.0,0.045990198232363146,Val,T150112-2017,C,2019
0.0,0.005156477178794182,Val,T260201-2020,C,2019
0.0,-0.0017709859352356748,Val,T200604-2018,C,2019
0.3902439024390244,0.06151469537747525,Val,T770402-2016,C,2019
0.0222222222222222,0.089388818024869,Val,T220903-2021,C,2019
0.0,0.0031661160483069124,Val,T730317-2021,C,2019
0.0,0.04072651207487097,Val,T240517-2016,C,2019
0.0,-0.01826593964865368,Val,T700302-2018,C,2019
0.0,0.008576507752988006,Val,T700113-2018,C,2019
0.0,-0.024250377145019073,Val,T150402-2020,C,2019
0.0,0.02309351956598442,Val,T250705-2015,C,2019
0.0,0.00589524632618958,Val,T700809-2021,C,2019
0.0,0.008858985693432854,Val,T160605-2016,C,2019
0.0,0.02416550271124458,Val,T140304-2022,C,2019
0.0087601772647634,0.034577033147774286,Val,T160110-2021,C,2019
0.0,0.0022344414113500033,Val,T700707-2021,C,2019
0.0,0.009068094936709665,Val,T730323-2020,C,2019
0.0,0.07494428174953065,Val,T190502-2022,C,2019
0.0,0.010725546935842708,Val,T720902-2015,C,2019
0.0,-0.007290198230767304,Val,T140907-2020,C,2019
0.0,-0.0070378479186513675,Val,T720503-2018,C,2019
0.0,0.004732437109854692,Val,T120405-2021,C,2019
0.0289276807980049,-0.01201293708932184,Val,T240513-2018,C,2019
0.0,-0.0005919076499591166,Val,T141211-2017,C,2019
0.0,-0.0049126107326523906,Val,T250807-2017,C,2019
0.0,0.005560328983677622,Val,T170207-2020,C,2019
0.0175573991896585,0.04919453888340553,Val,T140811-2022,C,2019
0.0,0.006819670697411847,Val,T250608-2022,C,2019
0.0169789227166276,0.02813835761106944,Val,T150109-2016,C,2019
0.0,0.03456108607274463,Val,T140203-2016,C,2019
0.0,0.024187662113490084,Val,T700302-2017,C,2019
0.0,-0.004349361296090942,Val,T260305-2016,C,2019
0.0,0.02223101277203431,Val,T200205-2016,C,2019
0.0,0.006584019415203401,Val,T130305-2021,C,2019
0.0631578947368421,0.05620830573971298,Val,T180403-2022,C,2019
0.0,0.06245903947298035,Val,T160122-2016,C,2019
0.0,0.015472527394398665,Val,T720805-2016,C,2019
0.0,0.006807115073775975,Val,T160114-2017,C,2019
0.0,0.0008544607932136605,Val,T160303-2015,C,2019
0.0,0.040625377255158066,Val,T770404-2022,C,2019
0.0,0.029488653428215196,Val,T240901-2018,C,2019
0.0,0.07044813130638324,Val,T160606-2022,C,2019
0.0,0.03061503691518773,Val,T760615-2017,C,2019
0.0135084427767354,0.0697374254852249,Val,T150610-2021,C,2019
0.0,-0.00500807787809536,Val,T730501-2015,C,2019
0.0,0.046504590609175965,Val,T160613-2017,C,2019
0.0,0.03963729014219108,Val,T711202-2020,C,2019
0.0,0.02024794036560486,Val,T190702-2017,C,2019
0.0,0.02173958115482228,Val,T130407-2022,C,2019
0.0,0.004300894126385542,Val,T720807-2018,C,2019
0.0,-0.01738449321875232,Val,T161001-2020,C,2019
0.0,0.040848379715542275,Val,T770204-2018,C,2019
0.0,0.022646728803929456,Val,T130406-2016,C,2019
0.0,0.01300878017422718,Val,T700504-2021,C,2019
0.0,0.033933495405232855,Val,T120605-2022,C,2019
0.0,0.049717859342978524,Val,T190101-2022,C,2019
0.0,0.01585977712770518,Val,T711301-2015,C,2019
0.0,-0.011736718491476967,Val,T730209-2015,C,2019
0.0,-0.01885100998258333,Val,T200506-2016,C,2019
0.0,0.0021767130238227704,Val,T240112-2018,C,2019
0.0,0.04770869822938426,Val,T710512-2016,C,2019
0.0,0.01977611864918032,Val,T720909-2017,C,2019
0.0,0.027064671613678,Val,T760513-2020,C,2019
0.0,0.04610165927297613,Val,T150412-2015,C,2019
0.0,-0.00138630570969794,Val,T240903-2021,C,2019
0.0,-0.005189191937635265,Val,T240111-2021,C,2019
0.0,-0.012304391780304855,Val,T120501-2018,C,2019
0.0060465959990139,0.042024737362442645,Val,T141303-2016,C,2019
0.0,0.016435475031679206,Val,T100301-2020,C,2019
0.0,0.04663060666160316,Val,T190608-2020,C,2019
0.0,-0.006709666200178055,Val,T270510-2016,C,2019
0.0,-0.004511832417705421,Val,T241105-2017,C,2019
0.0,0.01009275975641343,Val,T250302-2017,C,2019
0.0,0.07335612478618504,Val,T220104-2021,C,2019
0.0,-3.498886902758756e-05,Val,T191201-2017,C,2019
0.0,0.02526145341447123,Val,T200613-2018,C,2019
0.0,0.013393778510127623,Val,T240608-2021,C,2019
0.0,-0.011972785145401022,Val,T140108-2020,C,2019
0.0,0.01910690837762595,Val,T720301-2016,C,2019
0.0,0.005508666747398205,Val,T141605-2017,C,2019
0.0,0.07787429810068369,Val,T700111-2016,C,2019
0.0,0.013137592619866254,Val,T180507-2017,C,2019
0.0,0.015766738721294967,Val,T210103-2018,C,2019
0.0,0.024129277264027794,Val,T150305-2022,C,2019
0.0,0.0646451907589009,Val,T140514-2022,C,2019
0.0582261340555179,0.06444886967202067,Val,T141306-2016,C,2019
0.0,0.008600818138980735,Val,T710514-2018,C,2019
0.0016029100661729,0.031757104109205916,Val,T720403-2017,C,2019
0.0,0.008862022178062291,Val,T150412-2020,C,2019
0.0,0.00248825902497495,Val,T700712-2017,C,2019
0.0,0.007677825290936222,Val,T270504-2020,C,2019
0.0,0.018914635801691546,Val,T220409-2020,C,2019
0.0,-0.001384812432394735,Val,T160620-2020,C,2019
0.0,0.005796970815712212,Val,T730109-2022,C,2019
0.0,0.0005677481481623771,Val,T190208-2015,C,2019
0.0,0.0004547469151167799,Val,T700717-2021,C,2019
0.0,0.04360295568458279,Val,T710107-2020,C,2019
0.0,0.0225281565462771,Val,T710402-2015,C,2019
0.0,0.033985267159357214,Val,T720304-2020,C,2019
0.0370597556611971,0.02816815495554827,Val,T180401-2021,C,2019
0.0,0.04927460496438888,Val,T700111-2022,C,2019
0.0,0.026578270065124057,Val,T120304-2020,C,2019
0.0,0.02078455608758741,Val,T700604-2020,C,2019
0.0,-0.013968257899210357,Val,T270104-2016,C,2019
0.0,0.0319032388967184,Val,T220603-2016,C,2019
0.0,0.020702903503245183,Val,T700203-2020,C,2019
0.0,0.0319914998020104,Val,T150401-2020,C,2019
0.0,0.03839555790468127,Val,T700802-2020,C,2019
0.0,0.003894840594795432,Val,T720912-2015,C,2019
0.0,0.040969813163358015,Val,T730317-2017,C,2019
0.0,0.02789806276238438,Val,T141102-2020,C,2019
0.0,0.01839688566633558,Val,T190503-2020,C,2019
0.0,0.002493213817585279,Val,T250209-2018,C,2019
0.0,0.02239380118419051,Val,T170103-2016,C,2019
0.0,-0.0033662178948088116,Val,T270507-2020,C,2019
0.0,0.0316045300882278,Val,T760514-2022,C,2019
0.0,0.0013207239620254252,Val,T720103-2022,C,2019
0.0,0.041293133982559425,Val,T150202-2015,C,2019
0.0,-0.007647057909711435,Val,T140616-2021,C,2019
0.0,0.013839449144964976,Val,T700206-2015,C,2019
0.0,0.07169125801504071,Val,T220311-2020,C,2019
0.0,0.04642000415266728,Val,T710516-2015,C,2019
0.0,0.03407859274031509,Val,T160418-2016,C,2019
0.0,0.07219159197529473,Val,T191001-2022,C,2019
0.0,-0.00032882001763353283,Val,T141001-2016,C,2019
0.0,-0.003546075378770758,Val,T190703-2018,C,2019
0.0,0.03709495934836974,Val,T210507-2018,C,2019
0.0,0.010075011802928226,Val,T161103-2020,C,2019
0.0,0.039869010992000034,Val,T190505-2022,C,2019
0.0,0.01320117956446392,Val,T270101-2022,C,2019
0.0,0.10705216279385514,Val,T230114-2017,C,2019
0.0,-0.002504041000129316,Val,T700718-2015,C,2019
0.0,0.01883556721021578,Val,T260201-2018,C,2019
0.0,0.015044744753909598,Val,T191005-2015,C,2019
0.0,0.01895531557646425,Val,T711203-2018,C,2019
0.0,0.024140219555056866,Val,T180202-2018,C,2019
0.0718756524558995,0.032177855643058854,Val,T720904-2021,C,2019
0.0,0.044116915593492546,Val,T160306-2015,C,2019
0.0,0.02999154985583665,Val,T140307-2017,C,2019
0.0,0.015216709687982867,Val,T240402-2016,C,2019
0.0,0.06572822770900408,Val,T240412-2020,C,2019
0.0,-0.013268567215927438,Val,T700805-2016,C,2019
0.0,-0.003974321806491337,Val,T711201-2017,C,2019
0.0,-0.005781960767543096,Val,T150611-2018,C,2019
0.0,0.004473645104265453,Val,T760606-2016,C,2019
0.0,0.03040055689641172,Val,T130501-2022,C,2019
0.0,0.011018676813708028,Val,T200622-2018,C,2019
0.0,0.020720641260541864,Val,T700514-2017,C,2019
0.0,0.03099667740798092,Val,T760111-2020,C,2019
0.0,0.010458299183458652,Val,T700704-2021,C,2019
0.0,0.013286125519200028,Val,T760618-2020,C,2019
0.0,0.03180765969612169,Val,T104602-2021,C,2019
0.0,0.0036635605120275763,Val,T220503-2015,C,2019
0.0,0.03516341385667013,Val,T700511-2017,C,2019
0.0,-0.006474698514462574,Val,T700102-2017,C,2019
0.0,0.030453603404018204,Val,T700202-2022,C,2019
0.0,0.025004178093534786,Val,T190607-2017,C,2019
0.0,0.011799017251287609,Val,T240310-2017,C,2019
0.0,0.03729878081290569,Val,T760118-2018,C,2019
0.0,0.041965945636594164,Val,T740302-2022,C,2019
0.0,0.00019543774770082619,Val,T141005-2021,C,2019
0.0,0.015242164862778528,Val,T210307-2016,C,2019
0.0,0.04393899417391095,Val,T700204-2017,C,2019
0.0,0.017878013278009704,Val,T140903-2016,C,2019
0.0,0.016663899664936303,Val,T240502-2020,C,2019
0.0,-0.01163938551080349,Val,T140616-2020,C,2019
0.0,0.014855004345663217,Val,T190702-2015,C,2019
0.0,-0.011405026394852226,Val,T730211-2015,C,2019
0.0,-0.0095119621578775,Val,T141211-2020,C,2019
0.0,-0.009983254815702605,Val,T140714-2015,C,2019
0.0,0.04826671576111211,Val,T210301-2017,C,2019
0.0,0.058440323090009884,Val,T170604-2022,C,2019
0.0,-0.0058780766457858175,Val,T200608-2016,C,2019
0.0,-0.005156599799188107,Val,T230110-2018,C,2019
0.0,-0.0077267306600404375,Val,T220905-2022,C,2019
0.007570327537469,0.036523995276606484,Val,T160119-2021,C,2019
0.0271094544222297,0.006701684815542366,Val,T240606-2020,C,2019
0.0,-0.011164068968355267,Val,T700115-2015,C,2019
0.0,0.044571233040423264,Val,T200703-2021,C,2019
0.0,0.004453651132161052,Val,T760610-2021,C,2019
0.0,0.0003390201912877529,Val,T710516-2022,C,2019
0.0,0.07396696704442436,Val,T190112-2020,C,2019
0.0220183486238532,0.00990600877091057,Val,T700704-2020,C,2019
0.0,0.0010777254396194924,Val,T130711-2015,C,2019
0.0,0.089585626319038,Val,T210312-2018,C,2019
0.0,0.007499306580937562,Val,T240801-2016,C,2019
0.0,0.02289127036129511,Val,T140908-2016,C,2019
0.0115259012614458,0.016844700881515573,Val,T250210-2015,C,2019
0.0,-0.0020423925934529583,Val,T730501-2018,C,2019
0.0122858546954822,0.014584484749487078,Val,T720212-2021,C,2019
0.0034169449405917,0.028343721788936495,Val,T730507-2017,C,2019
0.0,0.0010446860247800178,Val,T180105-2018,C,2019
0.0463337831758884,0.0897111383884912,Val,T140715-2022,C,2019
0.0,0.03606137405842446,Val,T140710-2016,C,2019
0.0,-0.015218718216378522,Val,T141401-2020,C,2019
0.0185165607490199,0.029140439551268157,Val,T270613-2020,C,2019
0.0,0.012728861194278105,Val,T130701-2020,C,2019
0.0868361439718097,0.027579938713488295,Val,T720111-2021,C,2019
0.0,-0.003495099207029971,Val,T730509-2021,C,2019
0.0,-0.01748832078803694,Val,T150207-2015,C,2019
0.0,0.015731172224594886,Val,T711304-2016,C,2019
0.0,0.0029042536531626016,Val,T150609-2018,C,2019
0.0,-0.0035693420211903516,Val,T150414-2018,C,2019
0.0,0.02089937315629363,Val,T190315-2020,C,2019
0.1611903285802851,0.009434698967201961,Val,T140717-2016,C,2019
0.0,0.13846783938387966,Val,T220903-2017,C,2019
0.0,0.05355301811069314,Val,T102302-2015,C,2019
0.0,-0.000983504278549892,Val,T140612-2018,C,2019
0.0,0.02240947403694156,Val,T190404-2018,C,2019
0.0,-0.009388347354640433,Val,T200605-2016,C,2019
0.0,-0.0015121671600373582,Val,T250802-2020,C,2019
0.0,0.015241741688080982,Val,T140812-2018,C,2019
0.0,-0.01759836777885995,Val,T260310-2017,C,2019
0.0,0.040553435234425936,Val,T230104-2017,C,2019
0.0,0.01756299045442649,Val,T730505-2018,C,2019
0.0,0.020815267259535832,Val,T760117-2015,C,2019
0.0,0.03902872181931582,Val,T760202-2016,C,2019
0.0,0.02667394108448099,Val,T180502-2016,C,2019
0.0,0.02231927553766011,Val,T730208-2017,C,2019
0.0,0.07253770993253654,Val,T200205-2021,C,2019
0.0,0.0151294420728728,Val,T250704-2020,C,2019
0.0,-0.00931206247415648,Val,T700515-2018,C,2019
0.088120950323974,0.08825944792457668,Val,T150202-2022,C,2019
0.0,-0.0035776298242452317,Val,T770304-2015,C,2019
0.0,0.031126621364847708,Val,T740115-2020,C,2019
0.0585708181177266,0.05433722015678856,Val,T720107-2021,C,2019
0.0,0.01998463844873348,Val,T130710-2020,C,2019
0.0,-0.016582506865336605,Val,T150602-2016,C,2019
0.0,-0.011918811805908014,Val,T140805-2015,C,2019
0.0,0.0633845119788509,Val,T240507-2017,C,2019
0.0,0.011855188446210974,Val,T730102-2021,C,2019
0.0,0.02314848138697342,Val,T250601-2021,C,2019
0.0,-0.005948028800009799,Val,T120402-2021,C,2019
0.3030089209213245,0.14116732980340435,Val,T700714-2016,C,2019
0.0,0.008679892406487952,Val,T141303-2015,C,2019
0.0,0.05722561878512695,Val,T700505-2022,C,2019
0.0,0.05160327943646042,Val,T730114-2016,C,2019
0.0,0.009548101271184531,Val,T150412-2018,C,2019
0.0,0.0017743603320568794,Val,T130504-2020,C,2019
0.0,0.010230585963921918,Val,T140509-2020,C,2019
0.0,0.056110297435124974,Val,T200510-2021,C,2019
0.0,-0.008917100327792244,Val,T730406-2022,C,2019
0.0,0.005380081812941136,Val,T730504-2016,C,2019
0.0,0.00853607180765615,Val,T160303-2022,C,2019
0.0,0.02031716194483161,Val,T730609-2021,C,2019
0.0,0.012003627109861342,Val,T700902-2015,C,2019
0.0,0.0077498403744127985,Val,T100303-2015,C,2019
0.0,0.013869963041026978,Val,T150405-2016,C,2019
0.0,0.00849702810858266,Val,T160105-2020,C,2019
0.0,-0.0009170612165810084,Val,T190304-2017,C,2019
0.0,-0.00266857843375444,Val,T140616-2017,C,2019
0.0,-0.004344446761535886,Val,T710511-2018,C,2019
0.0,0.0049913770618644345,Val,T150302-2022,C,2019
0.0,0.05288767045572896,Val,T141214-2017,C,2019
0.0,0.04671333809867779,Val,T710309-2016,C,2019
0.0,0.08467411592961396,Val,T140807-2021,C,2019
0.0,0.04417475518088614,Val,T720603-2021,C,2019
0.0,-0.014667763365733378,Val,T190307-2015,C,2019
0.0,0.014448540433907286,Val,T220504-2016,C,2019
0.0,0.002951456536271675,Val,T700502-2022,C,2019
0.0,-0.013530095984591638,Val,T760106-2020,C,2019
0.0029686804215526,0.034763820865580476,Val,T141502-2022,C,2019
0.0,0.01506815196452453,Val,T730615-2018,C,2019
0.0,0.02901879605468304,Val,T110202-2016,C,2019
0.0,0.035105380023498986,Val,T700713-2022,C,2019
0.0036781036829135,0.021614505139313258,Val,T140208-2021,C,2019
0.0,0.17321976736257927,Val,T200205-2017,C,2019
0.0,0.009820323192685127,Val,T160104-2020,C,2019
0.0,-0.002543785707268815,Val,T240702-2021,C,2019
0.0430542078803088,0.05386338443556314,Val,T170608-2016,C,2019
0.0,-0.007891130728305185,Val,T250208-2016,C,2019
0.0,0.006816899794950279,Val,T250802-2022,C,2019
0.0,-0.008087606939450407,Val,T180201-2020,C,2019
0.0,0.048324539084495965,Val,T760404-2018,C,2019
0.0,0.029435478540110006,Val,T240110-2015,C,2019
0.0,0.009149620342844307,Val,T710905-2017,C,2019
0.0,0.03106297818411359,Val,T190907-2022,C,2019
0.0,0.06144851410830423,Val,T160207-2021,C,2019
0.0,0.04172073717444454,Val,T720301-2015,C,2019
0.0,0.039833171293283884,Val,T730514-2020,C,2019
0.0,0.018725695462464484,Val,T730320-2020,C,2019
0.0,-0.01317614412881348,Val,T260303-2015,C,2019
0.0,0.0006062686108250412,Val,T200618-2016,C,2019
0.0,0.03371409247762997,Val,T150303-2020,C,2019
0.0,0.01404979790981497,Val,T160116-2020,C,2019
0.0,0.0580444546268891,Val,T160206-2015,C,2019
0.0,0.0037284061310434687,Val,T160305-2015,C,2019
0.0,0.03862355800265202,Val,T160611-2020,C,2019
0.0,0.011566952464645466,Val,T160510-2016,C,2019
0.0,0.01246617700428497,Val,T700102-2020,C,2019
0.0,0.049586564017977806,Val,T140807-2020,C,2019
0.0,0.048298752639228455,Val,T240803-2016,C,2019
0.0,0.014743924645838997,Val,T710503-2021,C,2019
0.0,0.035114547207609675,Val,T730302-2022,C,2019
0.0,0.007244873242062883,Val,T710511-2016,C,2019
0.0,0.03098878249891649,Val,T760110-2016,C,2019
0.0,0.016977656036297157,Val,T760617-2016,C,2019
0.0,-0.0052408118078926934,Val,T140511-2018,C,2019
0.0,0.010381116254826735,Val,T101106-2020,C,2019
0.0625865846281715,0.011683520434618212,Val,T180601-2021,C,2019
0.0,0.02667906061583879,Val,T210307-2017,C,2019
0.0,-0.0023394853339720753,Val,T160417-2020,C,2019
0.0,0.041764862259488174,Val,T160117-2016,C,2019
0.0,0.009217974131398937,Val,T160422-2015,C,2019
0.0,0.006526985453439059,Val,T270405-2018,C,2019
0.0,-0.003327038031311342,Val,T730514-2018,C,2019
0.0075360079881684,-0.0032232495055235107,Val,T270602-2018,C,2019
0.0,0.04375482117703066,Val,T210502-2016,C,2019
0.0,0.018670278858746437,Val,T160419-2018,C,2019
0.0,0.019535190168895745,Val,T760513-2016,C,2019
0.1450139054429876,0.06283215665527747,Val,T150601-2022,C,2019
0.0,0.011225488353529703,Val,T250102-2016,C,2019
0.0,0.0063598335400254415,Val,T710707-2016,C,2019
0.0,0.0445611314636084,Val,T230302-2016,C,2019
0.060475161987041,0.1460388880887455,Val,T200613-2017,C,2019
0.0,-0.018429715166730518,Val,T240210-2017,C,2019
0.0,0.0028053414998208434,Val,T730120-2015,C,2019
0.0,-0.005693219685547332,Val,T140514-2015,C,2019
0.0019613337069207,0.0016118031808093607,Val,T720404-2016,C,2019
0.0,0.021011129033724575,Val,T700803-2017,C,2019
0.0,-0.0012568337874287751,Val,T141215-2018,C,2019
0.0,0.011107233617904373,Val,T710207-2020,C,2019
0.0,0.03366444453593835,Val,T710402-2016,C,2019
0.0,0.044566565374732206,Val,T250206-2018,C,2019
0.0,0.05155768969263406,Val,T160905-2017,C,2019
0.0,0.04436802450832999,Val,T221003-2016,C,2019
0.0,0.06073586841766344,Val,T100308-2022,C,2019
0.0,0.006031536240224751,Val,T120506-2016,C,2019
0.0,0.020318206924201727,Val,T700112-2015,C,2019
0.0128004179728317,0.006374185427211453,Val,T700714-2022,C,2019
0.0,0.0297852439198253,Val,T160322-2022,C,2019
0.0,0.023466558159151843,Val,T190113-2018,C,2019
0.0,-0.0009733397612782929,Val,T220704-2017,C,2019
0.0,0.021140314295895322,Val,T120604-2021,C,2019
0.0013272597925227,0.03191874967817419,Val,T760122-2017,C,2019
0.0,0.006673905934157912,Val,T240508-2018,C,2019
0.0,-0.0033237777890957674,Val,T141005-2018,C,2019
0.0,0.014513646000662532,Val,T240701-2021,C,2019
0.0,0.011428201402297729,Val,T270704-2018,C,2019
0.0,-0.029183306181269714,Val,T710116-2020,C,2019
0.0,-0.003079975653123874,Val,T140605-2021,C,2019
0.0,-0.007110076376454995,Val,T101105-2018,C,2019
0.0,0.003308879405254822,Val,T190401-2020,C,2019
0.0,0.06930255768870523,Val,T161004-2015,C,2019
0.0,-0.010406487446840623,Val,T700512-2021,C,2019
0.0,0.08663241041726148,Val,T150701-2020,C,2019
0.0,0.07204761409742433,Val,T130705-2016,C,2019
0.0243396376985077,0.012200215177552848,Val,T140404-2022,C,2019
0.0,-0.001074745262620105,Val,T760209-2022,C,2019
0.0103410341034103,0.030265476520260872,Val,T170302-2021,C,2019
0.0,0.014629206630101386,Val,T760206-2021,C,2019
0.0,0.03498919635686146,Val,T250211-2022,C,2019
0.0,-0.003804329474500926,Val,T740204-2018,C,2019
0.0,-0.003941556996677263,Val,T140407-2020,C,2019
0.0,-0.009553659110153274,Val,T260309-2020,C,2019
0.0,-0.018566231322520412,Val,T710609-2018,C,2019
0.0,0.005280483481104939,Val,T230112-2018,C,2019
0.0,0.047047644871934836,Val,T161103-2022,C,2019
0.0,-0.002377194893875991,Val,T260102-2017,C,2019
0.2020850040096231,-0.001904213288672053,Val,T150603-2016,C,2019
0.0,0.01622650598894899,Val,T140202-2016,C,2019
0.0,0.024093834954689454,Val,T100307-2020,C,2019
0.0,0.007703230996801791,Val,T170208-2020,C,2019
0.0,-0.0001112984576033316,Val,T711302-2018,C,2019
0.0981595092024539,0.09418074566290353,Val,T160106-2016,C,2019
0.0,0.002805246923948686,Val,T760803-2018,C,2019
0.0,0.0032344712374061256,Val,T160502-2020,C,2019
0.0,0.04841991142582876,Val,T220903-2018,C,2019
0.0,0.010785770755621961,Val,T730323-2022,C,2019
0.0,0.05013262273801546,Val,T191302-2015,C,2019
0.0,-0.002152856355071187,Val,T141001-2018,C,2019
0.0,0.001971423545590271,Val,T170306-2020,C,2019
0.0,-0.00889437280557947,Val,T130205-2020,C,2019
0.0,0.020166881415333335,Val,T260106-2018,C,2019
0.0,0.033100444040663576,Val,T160904-2018,C,2019
0.0,-0.008797691277884663,Val,T140612-2021,C,2019
0.0,0.019797345955983654,Val,T140404-2021,C,2019
0.0,-0.0025873986692670167,Val,T100301-2018,C,2019
0.0,-0.0119038842001578,Val,T760503-2017,C,2019
0.0,0.0027680143827698823,Val,T760210-2020,C,2019
0.0,0.002047245871201501,Val,T190202-2018,C,2019
0.0,-0.003235396008257813,Val,T190301-2022,C,2019
0.0,0.03224204322597662,Val,T160110-2022,C,2019
0.0928594300352225,-0.00013025656882531412,Val,T140618-2016,C,2019
0.0,0.0236292878959355,Val,T141205-2017,C,2019
0.0,0.0330489645494912,Val,T700103-2016,C,2019
0.1767928657565246,0.04300821185539887,Val,T140703-2016,C,2019
0.1033376726208849,0.022211472948040472,Val,T141206-2016,C,2019
0.0,0.0020783421419166407,Val,T760501-2016,C,2019
0.0,0.03642608807004361,Val,T220108-2016,C,2019
0.0,0.016071106938401063,Val,T760504-2015,C,2019
0.0,0.03377439797736326,Val,T250207-2020,C,2019
0.0,-0.0003748379461474969,Val,T720202-2020,C,2019
0.0,-0.0022284207692158256,Val,T160308-2017,C,2019
0.0,-0.006731268678994594,Val,T270306-2018,C,2019
0.0126826578439481,0.0902899555359163,Val,T140714-2021,C,2019
0.0,0.01529110143610132,Val,T760116-2017,C,2019
0.0,0.02862280092810135,Val,T250803-2015,C,2019
0.0,-0.006273014810056972,Val,T180607-2020,C,2019
0.0038335187975529,0.0910308581165087,Val,T720102-2017,C,2019
0.0,-0.006557161245886449,Val,T760616-2015,C,2019
0.0,0.02612088358139115,Val,T711202-2016,C,2019
0.0,0.0018850846307183625,Val,T241102-2021,C,2019
0.0,0.006470217338064944,Val,T140601-2017,C,2019
0.0494342268284834,0.05997731874272562,Val,T140604-2022,C,2019
0.0,0.012568010777123656,Val,T180605-2020,C,2019
0.0,0.06016463086500791,Val,T160403-2018,C,2019
0.0,0.023874476319486863,Val,T770202-2017,C,2019
0.0,0.02806439146399373,Val,T730105-2022,C,2019
0.0,-0.009882145974967773,Val,T710613-2018,C,2019
0.0,-0.010172329498493825,Val,T240517-2015,C,2019
0.0088757133854633,-0.004839235907018299,Val,T140403-2017,C,2019
0.0,0.025710932343119393,Val,T180407-2018,C,2019
0.0,0.00996918969751255,Val,T760408-2018,C,2019
0.0,0.012542644013175407,Val,T140515-2021,C,2019
0.0,0.013965049490951564,Val,T710116-2017,C,2019
0.0,0.036706032673331876,Val,T140803-2022,C,2019
0.0,-0.018801079436343838,Val,T700902-2017,C,2019
0.0397427445834739,0.009860562018290933,Val,T711102-2016,C,2019
0.0,0.048382939108741356,Val,T104605-2015,C,2019
0.0,0.05397517240651643,Val,T730602-2016,C,2019
0.0,-0.002175571936240453,Val,T250105-2016,C,2019
0.0,-0.01189197683740948,Val,T260404-2015,C,2019
0.0226628895184136,-0.0005865994453392913,Val,T711007-2021,C,2019
0.0,-0.0236498693318943,Val,T760303-2018,C,2019
0.0,0.0015004523451098797,Val,T150107-2018,C,2019
0.0,0.030108060830068846,Val,T160123-2022,C,2019
0.0,0.023141953004875666,Val,T180109-2022,C,2019
0.4664914586070959,0.024932965611998596,Val,T700601-2016,C,2019
0.0,0.029295505836766912,Val,T720404-2022,C,2019
0.0,0.03255129612348838,Val,T150209-2015,C,2019
0.0,-0.005476798871734301,Val,T260110-2016,C,2019
0.0,0.00014504955907083722,Val,T150302-2020,C,2019
0.0,0.0437351118680354,Val,T230202-2020,C,2019
0.0,-0.006204527763241321,Val,T730507-2016,C,2019
0.0,0.01649591619334676,Val,T130201-2016,C,2019
0.0,-0.013481688352405003,Val,T730604-2018,C,2019
0.0,0.011273491995380922,Val,T160603-2018,C,2019
0.0,0.02664015342722629,Val,T190304-2016,C,2019
0.0,-0.011348274573596662,Val,T700117-2020,C,2019
0.0,0.0029758757761457,Val,T760111-2022,C,2019
0.0157666014980471,0.00041298539514308735,Val,T190109-2022,C,2019
0.0,0.006896311378437928,Val,T190803-2015,C,2019
0.0,0.01823778236384465,Val,T260404-2018,C,2019
0.0,0.006722981527451986,Val,T150703-2022,C,2019
0.0,0.0601141254928769,Val,T710509-2021,C,2019
0.0,0.014691466845107599,Val,T240510-2016,C,2019
0.0,0.00019171766099068503,Val,T710802-2018,C,2019
0.0098683859587981,0.0720285213821481,Val,T720712-2021,C,2019
0.0,0.008939799814914995,Val,T730304-2015,C,2019
0.0,-0.00426944123999281,Val,T160612-2020,C,2019
0.0,-0.009630632664264782,Val,T270603-2022,C,2019
0.0,0.004794065468364716,Val,T710302-2022,C,2019
0.0,0.016929834187005114,Val,T200615-2018,C,2019
0.0,0.07404465515160712,Val,T720713-2021,C,2019
0.0,0.002037345582388406,Val,T760406-2015,C,2019
0.0,0.013995854940665199,Val,T760208-2018,C,2019
0.0,-0.021382402998079066,Val,T161106-2017,C,2019
0.0,0.009816537804222661,Val,T720402-2015,C,2019
0.0,0.022676213547587046,Val,T250810-2015,C,2019
0.0,-0.00545471780248401,Val,T140717-2015,C,2019
0.002787762959613,0.029809623964504026,Val,T720911-2021,C,2019
0.0,-0.002037385208107161,Val,T180607-2018,C,2019
0.0,0.09728585533838248,Val,T230102-2017,C,2019
0.0,0.02522966530318083,Val,T170401-2015,C,2019
0.0,0.014366470100364912,Val,T760206-2016,C,2019
0.0054951524904816,0.02783346713932686,Val,T720114-2022,C,2019
0.0,0.01577893847489306,Val,T260309-2017,C,2019
0.0,0.04523048642511705,Val,T770207-2021,C,2019
0.0,0.020367010285781237,Val,T140710-2015,C,2019
0.0,-0.0029127904880194384,Val,T240903-2015,C,2019
0.0,0.04491274596844841,Val,T160904-2016,C,2019
0.0,0.0026257936601759226,Val,T140513-2020,C,2019
0.0,0.059657959210358685,Val,T240411-2016,C,2019
0.0,-0.0021657205163532916,Val,T240503-2022,C,2019
0.0,0.001345023691568838,Val,T140505-2018,C,2019
0.0,-0.012005433411046582,Val,T730305-2020,C,2019
0.0,0.011988427671568148,Val,T150108-2018,C,2019
0.0,-0.0069488619021072255,Val,T260411-2016,C,2019
0.0,0.033071250685148434,Val,T190602-2017,C,2019
0.0,0.022555009256493196,Val,T220904-2020,C,2019
0.0,0.025689523810944196,Val,T250302-2016,C,2019
0.0,0.02372345537784116,Val,T730201-2021,C,2019
0.0,0.027981949719443185,Val,T730121-2021,C,2019
0.0,0.026116435828331508,Val,T700107-2015,C,2019
0.0,0.0061129282076402575,Val,T711301-2022,C,2019
0.0,0.029626396730191074,Val,T730509-2022,C,2019
0.0,-0.02981828306541376,Val,T200301-2018,C,2019
0.0,0.07220179554107674,Val,T140112-2018,C,2019
0.0,0.002274721648779069,Val,T760511-2015,C,2019
0.0,0.015411707356653067,Val,T210307-2015,C,2019
0.0065715015881128,0.012925323686860743,Val,T180702-2021,C,2019
0.0,0.00752676513848621,Val,T250603-2017,C,2019
0.0,-0.001538990120147654,Val,T130707-2016,C,2019
0.0,0.01590435476003502,Val,T190509-2017,C,2019
0.0,0.002962032002793071,Val,T170405-2015,C,2019
0.0,0.023858239125484966,Val,T160414-2018,C,2019
0.0,0.009943262988277406,Val,T710604-2015,C,2019
0.0,1.1961075026175769e-05,Val,T200207-2020,C,2019
0.0,0.013777477221261355,Val,T140603-2016,C,2019
0.0,0.012703102153169617,Val,T730511-2016,C,2019
0.0,0.0041639426531825605,Val,T140601-2018,C,2019
0.0,0.023420259376702505,Val,T700506-2020,C,2019
0.0,0.03306502004463864,Val,T191302-2016,C,2019
0.0,-0.00852978233398419,Val,T191008-2020,C,2019
0.0030839367122552,0.03273482998029761,Val,T720119-2021,C,2019
0.0,-0.005166822240015368,Val,T730201-2018,C,2019
0.0,0.053226401218412676,Val,T730113-2015,C,2019
0.0,0.029899526793996285,Val,T140706-2017,C,2019
0.0,-0.0018233092238253076,Val,T270609-2021,C,2019
0.0,-0.024334483723534715,Val,T250109-2020,C,2019
0.0,0.0705343974279027,Val,T240111-2020,C,2019
0.0005023812873018,0.01620255989397027,Val,T720112-2020,C,2019
0.0,0.14284911047289642,Val,T161105-2022,C,2019
0.0216497719359641,0.05238700175918367,Val,T150109-2022,C,2019
0.0,0.00391516310862881,Val,T760302-2022,C,2019
0.0,0.020860395784411657,Val,T240112-2020,C,2019
0.0,0.05314406384390798,Val,T240304-2018,C,2019
0.0,0.06541420492490778,Val,T230113-2015,C,2019
0.0,-0.005505469866846596,Val,T140506-2018,C,2019
0.0,0.020180351146959936,Val,T201001-2017,C,2019
0.0,0.06242767748350498,Val,T760515-2016,C,2019
0.0,0.014263030697540872,Val,T190308-2020,C,2019
0.0,0.018451266864204778,Val,T104203-2015,C,2019
0.0,-0.008043167206763114,Val,T730502-2015,C,2019
0.0,0.01724948998371768,Val,T190212-2020,C,2019
0.0,0.03312610136508016,Val,T190207-2022,C,2019
0.0,0.006258596047213994,Val,T180204-2020,C,2019
0.0,0.04294202655442939,Val,T140504-2017,C,2019
0.0,-0.004356847496150261,Val,T160506-2020,C,2019
0.0,0.046545366914941745,Val,T180104-2021,C,2019
0.0,0.015819313323543412,Val,T140702-2022,C,2019
0.0,0.045641214832852856,Val,T150101-2022,C,2019
0.0,0.005261609165401662,Val,T230113-2022,C,2019
0.0,-0.006967712983629158,Val,T130402-2015,C,2019
0.0,-0.0025042678669124326,Val,T190302-2022,C,2019
0.0,0.03060097195994963,Val,T210309-2016,C,2019
0.0553275976174718,-0.00039135721747366543,Val,T250210-2022,C,2019
0.0,0.07102991133418894,Val,T140112-2022,C,2019
0.0,0.053347596872106946,Val,T130706-2017,C,2019
0.0,0.024463303852016196,Val,T250105-2021,C,2019
0.0,-0.002511792470944944,Val,T241101-2021,C,2019
0.0,0.054782459641517255,Val,T270510-2015,C,2019
0.0,-0.00894530796924632,Val,T180103-2020,C,2019
0.0,0.009703172874218595,Val,T160605-2018,C,2019
0.0,0.008774677327135473,Val,T160419-2021,C,2019
0.0,0.0189006456884421,Val,T240502-2016,C,2019
0.1020346515046754,0.028651958384552655,Val,T140705-2022,C,2019
0.0,-0.006064816681922358,Val,T141404-2018,C,2019
0.0,0.004092445227340557,Val,T730316-2021,C,2019
0.0,0.05381651583688632,Val,T210307-2021,C,2019
0.0,-0.01265517608173192,Val,T230108-2017,C,2019
0.0,0.017618618379114725,Val,T730513-2017,C,2019
0.0,0.08455551295230226,Val,T130101-2020,C,2019
0.0,-0.007344355571247542,Val,T150602-2015,C,2019
0.0,0.001179820455219425,Val,T140807-2015,C,2019
0.0041477384949634,0.006891339400126277,Val,T140412-2021,C,2019
0.0,0.003749504381405889,Val,T241105-2022,C,2019
0.0,0.01340133006512025,Val,T240106-2022,C,2019
0.0,0.00620698237963136,Val,T770503-2015,C,2019
0.0,0.03668214870559625,Val,T220905-2018,C,2019
0.0,0.0159981787727138,Val,T260410-2022,C,2019
0.0,0.06797178988771824,Val,T140311-2015,C,2019
0.0,0.02457776274989337,Val,T730602-2022,C,2019
0.0,-0.01795019646738356,Val,T200204-2018,C,2019
0.0,0.009741715833597979,Val,T720502-2015,C,2019
0.0,-0.0010543175545555028,Val,T200503-2018,C,2019
0.0,-0.0013183910967685686,Val,T160108-2020,C,2019
0.0,0.059253793132444554,Val,T700703-2016,C,2019
0.0,0.0018422598377531366,Val,T180606-2017,C,2019
0.1016604540833615,0.003947434942830317,Val,T140312-2016,C,2019
0.0,0.07930378061956879,Val,T140310-2022,C,2019
0.0,0.09902798055270876,Val,T230402-2022,C,2019
0.0,0.015630271493921287,Val,T140711-2015,C,2019
0.0428468567140263,0.037610160797468,Val,T760618-2016,C,2019
0.0,-0.004489156344014029,Val,T140510-2018,C,2019
0.0,0.026749308104647932,Val,T250801-2020,C,2019
0.0,0.009577687648984996,Val,T130407-2021,C,2019
0.0,0.005202155627315071,Val,T130103-2015,C,2019
0.0,0.011625961119111829,Val,T140309-2021,C,2019
0.0,-0.018490825588331147,Val,T200502-2018,C,2019
0.0,0.024425064826716282,Val,T200618-2021,C,2019
0.0009271358167052,0.03179680905481774,Val,T150410-2021,C,2019
0.0,0.017020408271220006,Val,T250701-2017,C,2019
0.0,0.06876547799743202,Val,T710605-2016,C,2019
0.0,0.08768238564351864,Val,T710515-2016,C,2019
0.0,0.01167214912195965,Val,T730125-2022,C,2019
0.0,-0.017682382551729735,Val,T240105-2016,C,2019
0.0,0.008211488575959824,Val,T240209-2015,C,2019
0.0,0.03163535463211719,Val,T270202-2020,C,2019
0.0,0.002001976893939079,Val,T150402-2018,C,2019
0.0,0.03281156200689766,Val,T720713-2016,C,2019
0.0,-0.01767333894757482,Val,T240409-2018,C,2019
0.0,-0.004982749024129762,Val,T140610-2016,C,2019
0.0,0.058111182131954514,Val,T240201-2018,C,2019
0.0,-0.00477516592846935,Val,T180401-2015,C,2019
0.0,0.0027251228503251813,Val,T240902-2021,C,2019
0.0,0.0010683018581687514,Val,T250202-2017,C,2019
0.0,0.007724381395560722,Val,T170402-2017,C,2019
0.0,-0.007105926555036906,Val,T160119-2020,C,2019
0.0,0.017199927043895783,Val,T260202-2021,C,2019
0.0,-0.009121264118590357,Val,T120502-2015,C,2019
0.0,0.0333883979680945,Val,T120302-2016,C,2019
0.0,-0.006666813026085159,Val,T130708-2018,C,2019
0.0,0.018303688710093576,Val,T161006-2017,C,2019
0.0,0.024148734591443084,Val,T190406-2017,C,2019
0.0,0.03601689725036764,Val,T700805-2017,C,2019
0.0,0.007015133869680206,Val,T250901-2020,C,2019
0.0,0.06309286263633525,Val,T760204-2018,C,2019
0.0,0.03610693920767612,Val,T200401-2020,C,2019
0.0,0.046855183793949574,Val,T160303-2021,C,2019
0.0,-0.0046843111978752535,Val,T241102-2020,C,2019
0.0,0.09299553571065453,Val,T230104-2022,C,2019
0.0,-0.007791224400751696,Val,T730701-2022,C,2019
0.0,-0.016395365689145458,Val,T760605-2017,C,2019
0.0,0.03661195857179897,Val,T240119-2016,C,2019
0.0,-0.009170378855236215,Val,T190316-2016,C,2019
0.0190470855158118,0.10279558018660298,Val,T160120-2022,C,2019
0.0,0.0070579390367832995,Val,T250110-2017,C,2019
0.0,0.011990050148516219,Val,T260301-2018,C,2019
0.0,0.007967159164569236,Val,T180702-2017,C,2019
0.0,-0.0015293441765218887,Val,T140409-2018,C,2019
0.0,0.10522844121697354,Val,T270605-2016,C,2019
0.0,0.024062322750285286,Val,T250605-2020,C,2019
0.0,0.02715358857454089,Val,T240209-2018,C,2019
0.0,-0.01367669819212087,Val,T730109-2018,C,2019
0.0,0.014929764627001376,Val,T700712-2015,C,2019
0.0,0.028194880069333173,Val,T104603-2015,C,2019
0.0,0.04420011858570663,Val,T740203-2021,C,2019
0.0,0.0743959770221361,Val,T711304-2015,C,2019
0.0,-0.023370468279629894,Val,T270509-2017,C,2019
0.4873096446700508,0.05755626624537404,Val,T190608-2022,C,2019
0.0,0.008151719290189608,Val,T250111-2018,C,2019
0.0,0.011393673644370259,Val,T250213-2017,C,2019
0.0,-0.016151444222356946,Val,T250301-2018,C,2019
0.0,0.004676583599222149,Val,T270204-2016,C,2019
0.0,0.015086462935073193,Val,T740206-2021,C,2019
0.0,-0.014906722563727052,Val,T730123-2018,C,2019
0.0,0.000924625470504894,Val,T120504-2020,C,2019
0.0,0.04780851984097946,Val,T220312-2017,C,2019
0.0,-0.014405964161590247,Val,T170607-2015,C,2019
0.0,0.03968756006056334,Val,T190114-2022,C,2019
0.0,0.027625026859656128,Val,T760710-2015,C,2019
0.006746524124721,0.004322433547185809,Val,T730508-2022,C,2019
0.0,0.0295003890789367,Val,T270204-2017,C,2019
0.0,0.006443808227698067,Val,T120402-2022,C,2019
0.0,-0.017284238518857846,Val,T141104-2016,C,2019
0.0,0.05570456310552719,Val,T220904-2022,C,2019
0.0,0.06492500381763758,Val,T190703-2017,C,2019
0.0,0.019919730956016193,Val,T730103-2021,C,2019
0.0,0.02158979809886207,Val,T720115-2016,C,2019
0.0,-0.015558090532595137,Val,T710517-2017,C,2019
0.0,-0.00972389639468237,Val,T141213-2020,C,2019
0.0,-0.007336501848738469,Val,T170501-2020,C,2019
0.0,0.008888762289938389,Val,T730323-2015,C,2019
0.0,-0.014067718417588264,Val,T730509-2018,C,2019
0.0,0.006648110022812768,Val,T190401-2021,C,2019
0.0,0.012323714511687818,Val,T730609-2015,C,2019
0.0,0.049802194691456005,Val,T240105-2020,C,2019
0.0,0.023012388099198505,Val,T720504-2020,C,2019
0.0,-0.010690125815329894,Val,T130206-2020,C,2019
0.0,0.02219867760368015,Val,T700121-2015,C,2019
0.0,-0.013719520821744635,Val,T140902-2020,C,2019
0.0,0.019396016186142406,Val,T140407-2018,C,2019
0.0,0.038620967281114124,Val,T710508-2020,C,2019
0.0,-0.0029782159080639203,Val,T160306-2020,C,2019
0.0,0.015785331473732758,Val,T730324-2020,C,2019
0.0,-0.004383681294382983,Val,T730402-2015,C,2019
0.008362369337979,0.050727084638111604,Val,T140611-2022,C,2019
0.0,0.02759042953892847,Val,T141106-2015,C,2019
0.0,0.027327898852920533,Val,T730506-2020,C,2019
0.0,0.015524693429785472,Val,T700202-2018,C,2019
0.0,0.006703301704944791,Val,T710501-2021,C,2019
0.0,0.09434508846604096,Val,T190303-2015,C,2019
0.0,0.03965543191919667,Val,T250804-2015,C,2019
0.0,0.0041269198924424174,Val,T730124-2017,C,2019
0.0,-0.0175881090266193,Val,T191302-2020,C,2019
0.0,-0.01049565221291427,Val,T140906-2020,C,2019
0.0,0.014987766026556975,Val,T130110-2017,C,2019
0.0,0.07072942267929823,Val,T710503-2016,C,2019
0.0,0.04042123247964161,Val,T760403-2021,C,2019
0.0,-0.0010845301220649929,Val,T720302-2022,C,2019
0.0,0.12933727104301823,Val,T220105-2016,C,2019
0.0,0.0073921993991910625,Val,T700206-2018,C,2019
0.0333333333333333,0.05137219313306948,Val,T150208-2016,C,2019
0.0,0.002366539030593896,Val,T160401-2015,C,2019
0.0,0.048235643543713756,Val,T130304-2022,C,2019
0.0,0.01666572073876784,Val,T730313-2016,C,2019
0.0,-0.015582577206372131,Val,T240303-2020,C,2019
0.0,0.045962285608905196,Val,T141109-2015,C,2019
0.0,0.019680514531918773,Val,T730210-2020,C,2019
0.0089150329931136,0.047016904193734506,Val,T720505-2021,C,2019
0.0,0.015425183712978956,Val,T710509-2017,C,2019
0.0,0.021787811273986157,Val,T760210-2022,C,2019
0.0156145669243789,0.08042826330900321,Val,T190802-2021,C,2019
0.0,0.04343973741594372,Val,T191203-2016,C,2019
0.0436122457741147,0.03911725699742513,Val,T180401-2016,C,2019
0.0,0.04513334081224913,Val,T270902-2017,C,2019
0.0,-0.0036178580684142975,Val,T150613-2018,C,2019
0.0,-0.0036373279830303677,Val,T270610-2021,C,2019
0.0,0.004426001515065526,Val,T240309-2021,C,2019
0.0,-0.004411554525420988,Val,T270503-2017,C,2019
0.0199445983379501,0.03303830217651231,Val,T141108-2022,C,2019
0.0,-0.0033711203766271613,Val,T130608-2015,C,2019
0.0,-0.003673947159214193,Val,T120209-2015,C,2019
0.0,0.07069827231347144,Val,T740308-2016,C,2019
0.0,0.009216318381447432,Val,T190504-2020,C,2019
0.0,-0.007156412665246062,Val,T150614-2015,C,2019
0.0,-0.0001695242569078492,Val,T720705-2015,C,2019
0.0,-0.006550671655981983,Val,T140410-2020,C,2019
0.0,0.03516376376528201,Val,T170304-2015,C,2019
0.0,0.00018730647991705205,Val,T240112-2016,C,2019
0.0,0.04584441938987521,Val,T120110-2018,C,2019
0.0,0.02929035943071641,Val,T140306-2017,C,2019
0.0002771386268196,0.002496224375266055,Val,T180501-2017,C,2019
0.0,0.01429934059402793,Val,T720501-2020,C,2019
0.0,0.0001304000725429045,Val,T240701-2017,C,2019
0.0,-0.009856521036495609,Val,T180607-2022,C,2019
0.0,0.04301782151815876,Val,T240803-2022,C,2019
0.0,-0.013817913118207667,Val,T700302-2020,C,2019
0.0,0.023186088134355663,Val,T760207-2017,C,2019
0.0,0.00602444048658748,Val,T260109-2015,C,2019
0.0,0.018774136271480436,Val,T760606-2017,C,2019
0.0,0.027546049515069067,Val,T721006-2018,C,2019
0.0,0.01871361712331097,Val,T130104-2016,C,2019
0.0,0.02687496345719607,Val,T700508-2022,C,2019
0.0,0.007576074987578027,Val,T120506-2022,C,2019
0.0,0.05670214178729552,Val,T140505-2021,C,2019
0.0,0.009147035337255199,Val,T141002-2017,C,2019
0.0,0.021467977892281682,Val,T220802-2020,C,2019
0.0,0.0033218037504214367,Val,T200707-2020,C,2019
0.0,0.02995314216404999,Val,T730312-2018,C,2019
0.0,0.028678636961412814,Val,T190801-2017,C,2019
0.0,0.06962371247858187,Val,T200109-2017,C,2019
0.0,0.011311460379581998,Val,T270604-2015,C,2019
0.0,0.07100923340255211,Val,T710305-2020,C,2019
0.0079644662275999,-0.01662504365823449,Val,T711003-2021,C,2019
0.0,0.019366523870958264,Val,T191304-2022,C,2019
0.0,0.0021763124985468233,Val,T240801-2017,C,2019
0.0,-0.008468987276949906,Val,T130207-2020,C,2019
0.0,-0.0011053367870549249,Val,T141216-2016,C,2019
0.0,0.008401116641720842,Val,T720115-2020,C,2019
0.0,-0.007916396112646636,Val,T760120-2022,C,2019
0.0,0.0409866907154104,Val,T210106-2021,C,2019
0.0,0.055336200300445025,Val,T720908-2020,C,2019
0.0,0.03149335507686239,Val,T720715-2020,C,2019
0.0,-0.0040896774872128065,Val,T710702-2020,C,2019
0.0385858316433245,0.06755921408235033,Val,T720117-2017,C,2019
0.0,0.03545757950239929,Val,T730210-2016,C,2019
0.0,0.09873669875174584,Val,T160318-2021,C,2019
0.0,0.04337766951740759,Val,T700408-2016,C,2019
0.0,0.028986425391914667,Val,T190307-2017,C,2019
0.0,0.023382568677316445,Val,T140607-2021,C,2019
0.0,0.010297420063224672,Val,T770607-2021,C,2019
0.0,-0.005692717405118896,Val,T120507-2015,C,2019
0.0,0.01715757977234043,Val,T160205-2022,C,2019
0.0387323943661971,0.05556027508742768,Val,T150111-2021,C,2019
0.0660492892821267,0.04610461034912622,Val,T150611-2017,C,2019
0.0,-0.010907697708564106,Val,T140611-2021,C,2019
0.0,-0.0030422623960842535,Val,T710611-2016,C,2019
0.0,0.022992480932596177,Val,T141305-2020,C,2019
0.0,0.05731841024923635,Val,T140408-2016,C,2019
0.0,0.018129836942681266,Val,T140713-2020,C,2019
0.0,0.02341518507939116,Val,T210402-2017,C,2019
0.0,0.08326506717239002,Val,T710510-2017,C,2019
0.0,-0.011460586131740171,Val,T240109-2022,C,2019
0.0,0.014173473366387666,Val,T200607-2021,C,2019
0.0,0.0207813353722519,Val,T700102-2018,C,2019
0.0,0.0004678817064454698,Val,T190508-2022,C,2019
0.0,-0.010763641984840425,Val,T190207-2015,C,2019
0.0,-0.005589896425813738,Val,T700603-2017,C,2019
0.0568569479190357,0.02291798609099114,Val,T250212-2018,C,2019
0.0,0.016012972027952013,Val,T710515-2020,C,2019
0.0,0.002396982109301967,Val,T150410-2022,C,2019
0.0,-0.0031221892264600938,Val,T130604-2020,C,2019
0.0,-0.005859628711484654,Val,T180611-2018,C,2019
0.0,0.02762013821653975,Val,T711002-2017,C,2019
0.0,0.036707340133484985,Val,T760121-2018,C,2019
0.0,-0.0034179311850109674,Val,T141303-2022,C,2019
0.0,0.011088279929224969,Val,T240606-2022,C,2019
0.0,-0.000552583966756313,Val,T140614-2016,C,2019
0.396871945259042,0.009304610662307651,Val,T160417-2021,C,2019
0.0,-0.007518620861076916,Val,T720504-2018,C,2019
0.0,0.04416378630288326,Val,T760112-2016,C,2019
0.0,0.0280404353475393,Val,T710802-2022,C,2019
0.0,0.0024067795205000007,Val,T270605-2015,C,2019
0.0,0.02668982985817827,Val,T170305-2021,C,2019
0.0356973321940567,0.06555493263280411,Val,T140813-2021,C,2019
0.0,0.0022800877377100047,Val,T710707-2015,C,2019
0.0,0.03672119415414316,Val,T190506-2021,C,2019
0.0,0.0342957720820661,Val,T270111-2020,C,2019
0.0,0.12855804053952957,Val,T170104-2022,C,2019
0.0,-0.0009657646612488986,Val,T200403-2018,C,2019
0.0513319825329978,0.0338203971329706,Val,T270103-2020,C,2019
0.0,0.0020401891497460302,Val,T730114-2015,C,2019
0.1766517644053978,0.020812169105690503,Val,T180402-2021,C,2019
0.0,0.0019081734411407563,Val,T140816-2020,C,2019
0.0,0.05803122125856476,Val,T240608-2016,C,2019
0.0,0.09139719899139787,Val,T101001-2020,C,2019
0.0,-0.010331628766419049,Val,T161006-2018,C,2019
0.0,0.018804622098053086,Val,T730404-2021,C,2019
0.0,-0.001009958319891808,Val,T140107-2020,C,2019
0.0,0.03114331074024432,Val,T161102-2015,C,2019
0.0,0.05749322131987324,Val,T260206-2021,C,2019
0.0,0.008881662490679662,Val,T120209-2017,C,2019
0.0,0.004806977073532363,Val,T150415-2015,C,2019
0.0,0.03139722750715167,Val,T160414-2015,C,2019
0.0,-0.009416339145507442,Val,T140121-2020,C,2019
0.0,0.025084330299671914,Val,T190304-2020,C,2019
0.0,0.002852854486884232,Val,T140115-2015,C,2019
0.0,0.016015385307271666,Val,T160613-2016,C,2019
0.0,0.004389273321659246,Val,T100508-2016,C,2019
0.0,0.020315091372298165,Val,T760120-2015,C,2019
0.0,0.03824523098410822,Val,T710106-2020,C,2019
0.0,0.02402787304586789,Val,T710801-2016,C,2019
0.0,0.05100730653180451,Val,T180802-2022,C,2019
0.0,0.02284653888218952,Val,T740303-2018,C,2019
0.0,0.010337482373649648,Val,T180106-2016,C,2019
0.0,-0.003602011737656148,Val,T191305-2017,C,2019
0.0021602704658623,-0.004042114895864639,Val,T730502-2017,C,2019
0.0,-0.010443687730643065,Val,T141403-2015,C,2019
0.0,0.004364795786394803,Val,T160109-2018,C,2019
0.1398374941121055,0.03493252639704636,Val,T180306-2021,C,2019
0.0,0.02479928232702715,Val,T141501-2016,C,2019
0.0158849926531908,0.09680909991021242,Val,T150111-2022,C,2019
0.0,-0.006540670956432786,Val,T240214-2017,C,2019
0.4945054945054945,0.028149827429087143,Val,T700710-2016,C,2019
0.0,0.06401442299053484,Val,T760103-2018,C,2019
0.0,0.03101006147535046,Val,T140803-2020,C,2019
0.0,0.041157737021239045,Val,T201002-2015,C,2019
0.0,0.0028747195297428524,Val,T720103-2020,C,2019
0.0,0.04619785072906271,Val,T720302-2017,C,2019
0.0,0.08271354754735669,Val,T220603-2021,C,2019
0.0,0.006697521736377386,Val,T180307-2015,C,2019
0.0,0.0063803748375662805,Val,T161104-2017,C,2019
0.0043512816300433,0.06665757858817792,Val,T720106-2021,C,2019
0.0156862745098039,0.023663765224808234,Val,T170407-2022,C,2019
0.0,0.055921979338896484,Val,T220704-2021,C,2019
0.0,0.041683698193112184,Val,T770405-2015,C,2019
0.0,-0.0008272829839806355,Val,T140209-2017,C,2019
0.0,0.032097184422423056,Val,T720107-2016,C,2019
0.0,-0.0008948427782172703,Val,T710606-2015,C,2019
0.0,-0.0035039162444566317,Val,T141402-2017,C,2019
0.0,-0.01883951160020542,Val,T130108-2018,C,2019
0.0,0.00932670181501084,Val,T240119-2022,C,2019
0.0021969974368363,0.02812436985951203,Val,T180803-2021,C,2019
0.0,0.003759206842662217,Val,T191008-2015,C,2019
0.0,0.025685793616321104,Val,T270106-2017,C,2019
0.0,-0.0025045194925750335,Val,T720707-2018,C,2019
0.0,-0.01047880696606849,Val,T250103-2020,C,2019
0.0319881118939741,0.02359229438252202,Val,T180205-2017,C,2019
0.0,0.06121861507142122,Val,T270105-2021,C,2019
0.0,-0.01566143445813823,Val,T100508-2015,C,2019
0.0,-0.010858862791354602,Val,T190701-2015,C,2019
0.0,0.007164412669556562,Val,T760204-2020,C,2019
0.0,-0.026913506293943745,Val,T240113-2022,C,2019
0.0,0.009148157660664133,Val,T130113-2018,C,2019
0.0,0.0002006774410196472,Val,T141509-2018,C,2019
0.0,0.030126424411964194,Val,T160107-2016,C,2019
0.0,-0.0036596468865220475,Val,T170105-2020,C,2019
0.0797369576319019,0.04137511923900819,Val,T720116-2017,C,2019
0.0,0.049264214121832975,Val,T160609-2022,C,2019
0.0,-0.004158719076913454,Val,T200118-2017,C,2019
0.0,0.03606615579874474,Val,T141507-2020,C,2019
0.0,-0.002897191300097105,Val,T130305-2020,C,2019
0.0034929413476932,0.020735056962292435,Val,T150601-2016,C,2019
0.0,-0.010813562282681242,Val,T221003-2017,C,2019
0.0,0.03938281500529506,Val,T150206-2015,C,2019
0.0,0.02035519624613081,Val,T240509-2020,C,2019
0.0,0.007537246976519048,Val,T190601-2015,C,2019
0.0,0.037736582757441836,Val,T190315-2015,C,2019
0.0,-0.0018970714121336624,Val,T140607-2017,C,2019
0.0,0.016878504189064683,Val,T760616-2020,C,2019
0.0,0.035542228700033734,Val,T740115-2022,C,2019
0.4210526315789473,0.05544678398851544,Val,T191202-2021,C,2019
0.0103600629729317,0.02555571041588025,Val,T720704-2017,C,2019
0.0,0.017258074436139102,Val,T730311-2016,C,2019
0.0,4.327681770851652e-05,Val,T140605-2017,C,2019
0.0,0.010607422442841982,Val,T180601-2022,C,2019
0.0,-0.0010774182974993569,Val,T120506-2020,C,2019
0.0,-0.006784576114671668,Val,T730513-2018,C,2019
0.0,0.04934283393812228,Val,T720106-2016,C,2019
0.0,-0.011720213218285902,Val,T104801-2022,C,2019
0.3230332495839723,0.02051538872374332,Val,T160406-2021,C,2019
0.0,0.06434575282930405,Val,T191007-2018,C,2019
0.0,0.03321907350169449,Val,T160504-2022,C,2019
0.0,0.014310621645411725,Val,T170602-2020,C,2019
0.0,-0.014153667421759634,Val,T710606-2018,C,2019
0.0,0.028156584006578972,Val,T140308-2022,C,2019
0.0,0.02319281696639782,Val,T740210-2016,C,2019
0.0531175707181495,0.028235878067248848,Val,T720711-2021,C,2019
0.0,-0.021596139238810673,Val,T720806-2020,C,2019
0.0,0.012819923693625328,Val,T240310-2015,C,2019
0.0,0.029956071069174934,Val,T160406-2020,C,2019
0.0,0.05919189827115287,Val,T760118-2016,C,2019
0.0,0.03945451321038391,Val,T250606-2015,C,2019
0.0,0.05656802788678123,Val,T160320-2018,C,2019
0.0,0.019770141454282495,Val,T730113-2016,C,2019
0.0,-0.009768019154782969,Val,T160508-2015,C,2019
0.0272255635130295,0.012677406566658877,Val,T180505-2016,C,2019
0.0,0.007036474910995216,Val,T270504-2018,C,2019
0.0,-0.000442931184039746,Val,T140406-2020,C,2019
0.0,0.024704828221907775,Val,T200622-2016,C,2019
0.0,-0.015959278836963017,Val,T190112-2015,C,2019
0.0,-0.005165266627440138,Val,T240403-2018,C,2019
0.0,-0.0007987501109970303,Val,T100308-2016,C,2019
0.0,0.05946671545440005,Val,T720303-2020,C,2019
0.0,0.013122851862601037,Val,T250304-2015,C,2019
0.0,0.03956737233375073,Val,T160404-2022,C,2019
0.0076736937324781,0.06318042733548274,Val,T170607-2022,C,2019
0.0,0.0851229947629595,Val,T200406-2016,C,2019
0.0,-0.01663114676729332,Val,T150705-2020,C,2019
0.0,-0.007151801309093701,Val,T250810-2018,C,2019
0.0,-0.009840091554930281,Val,T730612-2015,C,2019
0.0,0.01706500324061494,Val,T130110-2018,C,2019
0.0,-0.015085766584082831,Val,T260204-2016,C,2019
0.1347162874985281,0.03072651127779277,Val,T140210-2022,C,2019
0.0,0.08541754238750672,Val,T250804-2021,C,2019
0.0,0.009170884186684122,Val,T260301-2020,C,2019
0.0173643697185466,-0.0010535295458450888,Val,T720204-2017,C,2019
0.0,0.029663515214695686,Val,T170402-2021,C,2019
0.0,0.02999447067951886,Val,T760210-2016,C,2019
0.0,0.018200760503492588,Val,T710405-2020,C,2019
0.0,0.011790155291814078,Val,T141410-2020,C,2019
0.0006009808006666,0.06694283699941816,Val,T160802-2016,C,2019
0.0,0.009201000304785604,Val,T141209-2022,C,2019
0.0,0.0024618195863398626,Val,T721003-2022,C,2019
0.0088639993415314,-0.002234795937765062,Val,T720703-2021,C,2019
0.0,-0.0024689560856516217,Val,T241103-2015,C,2019
0.0,-0.004673790918689242,Val,T180507-2015,C,2019
0.0,0.02604051884785669,Val,T700109-2015,C,2019
0.0,-0.016141967414047154,Val,T210402-2021,C,2019
0.0,0.002936159874222477,Val,T120407-2017,C,2019
0.0,0.0732901552178244,Val,T200113-2022,C,2019
0.0,-0.007350449595930932,Val,T250101-2016,C,2019
0.0,-0.005581347832552287,Val,T130608-2021,C,2019
0.048984666110381,0.13363052400845968,Val,T150402-2022,C,2019
0.0,0.01083590395514196,Val,T170108-2015,C,2019
0.0110159222445365,0.03397360847107675,Val,T141101-2022,C,2019
0.0511166704160819,0.014209619591023206,Val,T720807-2022,C,2019
0.0,-0.006616527106824112,Val,T160617-2018,C,2019
0.0,0.0018001292131709027,Val,T730607-2015,C,2019
0.0,-0.0050876894421346495,Val,T140504-2018,C,2019
0.0,0.025261474559036923,Val,T700804-2021,C,2019
0.0,0.023209368394362218,Val,T701002-2016,C,2019
0.0,0.08304594155650417,Val,T220905-2015,C,2019
0.0,0.0039591939449636245,Val,T160617-2017,C,2019
0.0,0.02326704959777289,Val,T160116-2022,C,2019
0.0,0.07325248248512431,Val,T230111-2015,C,2019
0.0,0.015874695565487023,Val,T180506-2020,C,2019
0.0511443250817375,0.031242723593486777,Val,T720701-2017,C,2019
0.0,0.018925022437735833,Val,T140405-2015,C,2019
0.0,-0.01561364529937674,Val,T200611-2016,C,2019
0.0,0.007215480427889537,Val,T141302-2017,C,2019
0.0,0.0017338959514480454,Val,T730506-2022,C,2019
0.0,0.013923166587081929,Val,T730207-2016,C,2019
0.0,-0.010163035459919105,Val,T200614-2018,C,2019
0.0,0.0058026308428181204,Val,T140705-2017,C,2019
0.0,0.024624133248238193,Val,T130708-2016,C,2019
0.0,0.012667095569221467,Val,T260401-2020,C,2019
0.0035165917193056,-0.008062798048817347,Val,T720210-2017,C,2019
0.0213106020245071,0.0071169097373184175,Val,T770206-2018,C,2019
0.0,0.013955974909392608,Val,T711302-2020,C,2019
0.0,0.022576190072694374,Val,T700706-2020,C,2019
0.0,0.016600309823089198,Val,T270102-2022,C,2019
0.033376585928489,0.0908244968407888,Val,T720106-2017,C,2019
0.0,0.02127835244739917,Val,T160107-2015,C,2019
0.0647276085489603,0.024054284247297764,Val,T160616-2016,C,2019
0.0,0.005428791707422373,Val,T700807-2021,C,2019
0.0520113515807967,0.04430423260604936,Val,T140209-2021,C,2019
0.0,0.012375036038412402,Val,T260112-2021,C,2019
0.0,0.02005426860676098,Val,T150411-2015,C,2019
0.0,0.006074978527546501,Val,T250707-2015,C,2019
0.0,0.028550561501081956,Val,T140201-2020,C,2019
0.0,0.027673682734125196,Val,T210302-2017,C,2019
0.0,0.11656914026806924,Val,T230503-2021,C,2019
0.0195648889560356,0.035427451345873016,Val,T720204-2021,C,2019
0.0,0.008695468527468326,Val,T730124-2015,C,2019
0.0,0.010659022310124498,Val,T710607-2020,C,2019
0.0,0.007230349299604051,Val,T720708-2020,C,2019
0.0,0.020463758884051338,Val,T760703-2016,C,2019
0.0,0.1029444350249642,Val,T250805-2017,C,2019
0.0,0.06746352345697722,Val,T191003-2017,C,2019
0.0,-0.01219444030789703,Val,T140408-2020,C,2019
0.0,-0.0008084152025161635,Val,T130501-2016,C,2019
0.0,0.00274225144488092,Val,T101104-2015,C,2019
0.0080094456220784,0.0323668663417224,Val,T180406-2022,C,2019
0.0,0.03882580611063715,Val,T140311-2021,C,2019
0.0,0.027097249798102165,Val,T130711-2016,C,2019
0.0,0.014995276890622059,Val,T190302-2015,C,2019
0.0,0.017834060258186363,Val,T250110-2015,C,2019
0.0,0.013203180825334972,Val,T270511-2016,C,2019
0.0,0.0031033275346021394,Val,T150404-2016,C,2019
0.0,0.010820037426604997,Val,T260304-2020,C,2019
0.0028366537397856,0.006017199760731253,Val,T720213-2017,C,2019
0.0,-0.006178693623429222,Val,T730401-2015,C,2019
0.0,0.013742664677259275,Val,T250203-2022,C,2019
0.0,0.031612103675441455,Val,T141408-2020,C,2019
0.0,0.013542248078868623,Val,T120408-2017,C,2019
0.0,0.027400649964877434,Val,T190106-2016,C,2019
0.0,0.06442749687460292,Val,T140309-2022,C,2019
0.0,-0.010071814368860973,Val,T210112-2018,C,2019
0.0,0.00155790482235594,Val,T200615-2017,C,2019
0.0,0.01758366607748477,Val,T730307-2018,C,2019
0.0,0.028231223152119192,Val,T140716-2017,C,2019
0.0,0.0031252588225327005,Val,T241102-2017,C,2019
0.0,0.03270963775580338,Val,T141501-2017,C,2019
0.0,0.01868420385643005,Val,T161006-2015,C,2019
0.0282161720914898,0.0328874711488812,Val,T240601-2018,C,2019
0.0,-0.00674937321380805,Val,T140423-2020,C,2019
0.0,0.0025065756990790508,Val,T730212-2016,C,2019
0.0,0.02887167059627706,Val,T240109-2016,C,2019
0.0,0.012685999468656561,Val,T250806-2020,C,2019
0.0,0.015108121243018543,Val,T130111-2022,C,2019
0.0,0.024661004480563943,Val,T140717-2017,C,2019
0.0,0.07212476075402806,Val,T160306-2021,C,2019
0.0226508034584049,0.043764873678952175,Val,T170601-2022,C,2019
0.0,0.02633789131282439,Val,T110207-2015,C,2019
0.0,0.024485406684744877,Val,T160905-2016,C,2019
0.0,-0.003029916266357752,Val,T180702-2015,C,2019
0.0031670625494853,0.07149119303894749,Val,T200617-2015,C,2019
0.0270479134466769,0.00518354541552727,Val,T730510-2022,C,2019
0.0,0.0645761335221105,Val,T760104-2020,C,2019
0.0,-0.0035526933686432873,Val,T140907-2016,C,2019
0.0,-0.0012624018662402419,Val,T720711-2015,C,2019
0.0,-0.0022972904039772484,Val,T740207-2015,C,2019
0.0,0.03195822890061261,Val,T200202-2015,C,2019
0.0,0.013605704255692679,Val,T104202-2017,C,2019
0.0,-0.0034287896488916394,Val,T700111-2020,C,2019
0.0,0.009811449516697079,Val,T730308-2015,C,2019
0.0,0.021148596045254403,Val,T270901-2015,C,2019
0.0,0.0063156084724164206,Val,T160411-2015,C,2019
0.0053989543077972,0.07651103252393084,Val,T150113-2017,C,2019
0.0,-0.0010067524444244496,Val,T270902-2015,C,2019
0.0,0.013776319080929812,Val,T250808-2015,C,2019
0.0,0.06044270592869637,Val,T220104-2020,C,2019
0.0,-0.001936697948590083,Val,T150703-2015,C,2019
0.0,0.04656298663333455,Val,T240403-2022,C,2019
0.0,0.014019665709994099,Val,T700205-2020,C,2019
0.0,0.033512401586505175,Val,T700112-2022,C,2019
0.0,0.019887023955205047,Val,T220105-2015,C,2019
0.0,0.010194275956410866,Val,T710504-2020,C,2019
0.0029814201622265,0.05885554923790703,Val,T140805-2022,C,2019
0.0038233344966727,0.01902568665852195,Val,T760204-2017,C,2019
0.0,-0.005911609566233389,Val,T130109-2016,C,2019
0.0,0.06957198732555926,Val,T230202-2018,C,2019
0.0432140445644834,0.005667162700332315,Val,T730312-2022,C,2019
0.0,0.046351433270688434,Val,T141107-2015,C,2019
0.0,-0.002451514777146226,Val,T720119-2015,C,2019
0.0,0.029467581646656246,Val,T160804-2018,C,2019
0.0,-0.007058044179714133,Val,T140814-2015,C,2019
0.0,0.03350366822830714,Val,T220902-2021,C,2019
0.0,-0.015110540991205169,Val,T150401-2016,C,2019
0.0,-0.0028613691311807537,Val,T770305-2021,C,2019
0.0042289333044356,0.019895367405243527,Val,T140416-2016,C,2019
0.0,0.040082972200187895,Val,T760116-2016,C,2019
0.0,0.03636865767885637,Val,T720604-2015,C,2019
0.0,0.008392250803451375,Val,T760604-2022,C,2019
0.0,-0.004979268698652469,Val,T730207-2018,C,2019
0.0,0.03285946418862052,Val,T220105-2018,C,2019
0.0,0.0030473839430168945,Val,T130503-2017,C,2019
0.0,0.004958534606118828,Val,T190312-2021,C,2019
0.0,-0.013826716490453183,Val,T161001-2016,C,2019
0.0,-0.010196554920924592,Val,T260102-2022,C,2019
0.0,-0.004682782726467698,Val,T140501-2015,C,2019
0.0,0.12536832302282067,Val,T230104-2021,C,2019
0.0,0.11096766269268366,Val,T160310-2021,C,2019
0.0,0.029461277286992677,Val,T240503-2016,C,2019
0.0,-0.0034778527233950665,Val,T141504-2018,C,2019
0.0,0.03201376232838899,Val,T760117-2018,C,2019
0.0,-0.009295851096470232,Val,T140509-2021,C,2019
0.0851581508515815,0.10284849543510782,Val,T700107-2016,C,2019
0.0,0.0685889426972428,Val,T160207-2018,C,2019
0.0,-0.008146887145619543,Val,T200109-2016,C,2019
0.0,-0.013321061862499973,Val,T720710-2015,C,2019
0.1271461241765368,0.02536723263185115,Val,T140607-2022,C,2019
0.0,0.025136298174675192,Val,T770803-2016,C,2019
0.0,-0.004117217702739657,Val,T250204-2020,C,2019
0.0,0.007379438223319896,Val,T120611-2022,C,2019
0.0,0.08873253656253276,Val,T160611-2022,C,2019
0.0,0.036953203193972356,Val,T721002-2015,C,2019
0.0,0.12668386279855165,Val,T240516-2017,C,2019
0.0,0.07840354667761273,Val,T270601-2021,C,2019
0.0294640764913547,0.05150544418746644,Val,T180606-2021,C,2019
0.0,0.02235779668182977,Val,T190704-2017,C,2019
0.0,-0.0022517027274033463,Val,T770303-2022,C,2019
0.0,0.013349100795862866,Val,T150702-2017,C,2019
0.0,0.06567739942709924,Val,T230114-2020,C,2019
0.0,-0.008310014570819826,Val,T160506-2016,C,2019
0.0,-0.018633892707390107,Val,T720210-2016,C,2019
0.0,0.058375557121578,Val,T140812-2020,C,2019
0.0,-0.002831306042283108,Val,T141211-2015,C,2019
0.0,0.06271160948380189,Val,T260308-2016,C,2019
0.0303291761445342,0.01137018310882787,Val,T730204-2020,C,2019
0.0,0.05756041524189324,Val,T150206-2021,C,2019
0.0,0.017562248891783906,Val,T720709-2020,C,2019
0.0034054436015971,0.005506158114187344,Val,T161103-2017,C,2019
0.0,0.07895214721739624,Val,T150208-2022,C,2019
0.0,0.01269239085232087,Val,T240113-2021,C,2019
0.123892318676242,0.04744652931766837,Val,T711103-2016,C,2019
0.0,0.00589811330865543,Val,T190604-2020,C,2019
0.0,-0.005243798724508355,Val,T130201-2015,C,2019
0.0,0.05822714121399545,Val,T170607-2021,C,2019
0.0029700029700029,0.03821539955264385,Val,T720118-2021,C,2019
0.0,-0.008971724397570486,Val,T270612-2017,C,2019
0.0,0.010318565957368018,Val,T270801-2016,C,2019
0.0911723992239227,0.05218307156818268,Val,T720905-2021,C,2019
0.0,0.07850220556442164,Val,T201102-2017,C,2019
0.0,0.006405705939939699,Val,T700716-2015,C,2019
0.0,0.01033976231926974,Val,T740310-2020,C,2019
0.0,0.06420527050534983,Val,T120504-2015,C,2019
0.0,-0.008817268231857705,Val,T720508-2015,C,2019
0.0,-0.0063648697437915045,Val,T710508-2015,C,2019
0.0,-0.001385847088329113,Val,T170305-2018,C,2019
0.0,-0.008002501211091154,Val,T130711-2018,C,2019
0.0,0.09154442515881436,Val,T140808-2017,C,2019
0.0,-0.00709793782075308,Val,T730310-2017,C,2019
0.0,0.06982669867898757,Val,T270406-2022,C,2019
0.0,0.030073712015978634,Val,T270903-2017,C,2019
0.0,0.06738160125254668,Val,T730124-2020,C,2019
0.0,0.03909187996440449,Val,T160505-2021,C,2019
0.0,0.021309804984668286,Val,T720904-2016,C,2019
0.0,0.012116517921446602,Val,T250112-2020,C,2019
0.0,-0.007199431266173308,Val,T161103-2015,C,2019
0.0,0.0229835568518785,Val,T190109-2021,C,2019
0.0,0.003086631832438514,Val,T720214-2017,C,2019
0.0,0.0005804018382019515,Val,T141007-2018,C,2019
0.0,0.028616600661856093,Val,T250302-2021,C,2019
0.0,-0.0015254615342843248,Val,T730515-2018,C,2019
0.0,0.013890148382714573,Val,T760611-2021,C,2019
0.0,-0.005597253607064967,Val,T141510-2018,C,2019
0.0,0.0511030021193009,Val,T160804-2022,C,2019
0.0,0.00914263390295907,Val,T200603-2020,C,2019
0.0,0.012364775620966766,Val,T240901-2015,C,2019
0.2043297375148756,0.11273710599115644,Val,T150104-2022,C,2019
0.0,0.025182636945891793,Val,T140603-2021,C,2019
0.0,0.05512190691203446,Val,T220108-2017,C,2019
0.0,0.04187495298433989,Val,T730120-2016,C,2019
0.0,0.059944809734842966,Val,T190701-2017,C,2019
0.0,0.05952181400730344,Val,T190207-2021,C,2019
0.0,0.026940904617484943,Val,T760803-2020,C,2019
0.0,-0.022799750460959223,Val,T710406-2015,C,2019
0.0,0.01241595880419364,Val,T270111-2017,C,2019
0.0,0.09285326056252129,Val,T760702-2022,C,2019
0.0508441684455656,0.009924390520344054,Val,T170407-2017,C,2019
0.0,0.03050827754162813,Val,T760203-2022,C,2019
0.5131533993850359,0.07972818913114108,Val,T141507-2021,C,2019
0.0,0.05916695952238504,Val,T240210-2021,C,2019
0.0,-0.005468630681117671,Val,T140306-2015,C,2019
0.0,-0.006574548254438749,Val,T720213-2022,C,2019
0.0,0.030570394880520484,Val,T180507-2021,C,2019
0.0,-0.0047904984509209055,Val,T150503-2018,C,2019
0.0,-0.008116146778370751,Val,T160613-2018,C,2019
0.0,-4.7218340983211076e-05,Val,T170608-2018,C,2019
0.0,0.031065238580437245,Val,T260112-2020,C,2019
0.0,0.008998137094731025,Val,T180601-2020,C,2019
0.0,0.07076125453200324,Val,T160613-2022,C,2019
0.0,-0.009820663180765238,Val,T140422-2017,C,2019
0.0,-0.004891708942244582,Val,T710511-2022,C,2019
0.0,0.0016247988622729418,Val,T170609-2015,C,2019
0.0,0.020813367111273455,Val,T760114-2020,C,2019
0.0,0.0004302710237010823,Val,T770106-2018,C,2019
0.0,0.030780258421212514,Val,T700514-2018,C,2019
0.0,0.002866918197468572,Val,T130709-2018,C,2019
0.0,0.01844930886631951,Val,T740301-2016,C,2019
0.2795698924731182,0.06225769434435059,Val,T700601-2020,C,2019
0.0,0.03479203921645211,Val,T700706-2021,C,2019
0.0,-0.0035565124637295304,Val,T720602-2015,C,2019
0.0,0.02242921723966482,Val,T720909-2016,C,2019
0.0,0.00993627425924891,Val,T180702-2020,C,2019
0.0049723241817246,0.025404022407535868,Val,T720201-2022,C,2019
0.0,-0.0013195549674647838,Val,T720605-2018,C,2019
0.0,0.012335773380797225,Val,T150701-2022,C,2019
0.0,0.003733896779347858,Val,T160618-2018,C,2019
0.0,-0.007335133065149799,Val,T730401-2017,C,2019
0.0,0.009868942901001848,Val,T160402-2016,C,2019
0.0339789330615018,-0.0219460090348012,Val,T250209-2022,C,2019
0.0,0.07439558923821876,Val,T220703-2020,C,2019
0.0078609379913086,0.019166751277045754,Val,T141202-2017,C,2019
0.0,0.015479838277534252,Val,T250213-2018,C,2019
0.0,0.03133476458031421,Val,T120610-2017,C,2019
0.0,0.012561181691572137,Val,T140119-2016,C,2019
0.0,-0.008540507825914409,Val,T130204-2018,C,2019
0.0,-0.00586895658256886,Val,T190318-2018,C,2019
0.0,-0.003239271139997331,Val,T130205-2021,C,2019
0.0,0.016889547380650204,Val,T700114-2022,C,2019
0.0304624150777996,0.020877826250869005,Val,T180703-2016,C,2019
0.0,0.046059301556236144,Val,T270501-2020,C,2019
0.0,0.002739764257636653,Val,T140802-2020,C,2019
0.0,0.08001178289147007,Val,T180503-2020,C,2019
0.0,0.04782039272720581,Val,T170306-2021,C,2019
0.0,0.008759466214979618,Val,T130605-2021,C,2019
0.0,0.008190802128725277,Val,T240603-2018,C,2019
0.0,0.0063374174904115305,Val,T770106-2016,C,2019
0.001864686369742,0.03196351592703075,Val,T170404-2020,C,2019
0.0,0.02156921187523533,Val,T160122-2021,C,2019
0.0,0.07037028844251518,Val,T190909-2015,C,2019
0.0,0.02672362651916193,Val,T710206-2015,C,2019
0.0,0.08115243794612897,Val,T220906-2021,C,2019
0.0047371060607152,0.039661143667339256,Val,T720115-2017,C,2019
0.0,0.012861110987780084,Val,T730115-2018,C,2019
0.0,0.03996104570555047,Val,T200614-2015,C,2019
0.0,0.021045215127597033,Val,T130710-2017,C,2019
0.0,0.06232621980955397,Val,T161101-2016,C,2019
0.0,0.02385343447852249,Val,T740205-2021,C,2019
0.0,-0.0021605151275019613,Val,T141102-2016,C,2019
0.0,0.011958085854830113,Val,T180206-2018,C,2019
0.1652421652421652,0.029236461626897216,Val,T250106-2018,C,2019
0.0,-0.01577141743139964,Val,T700709-2015,C,2019
0.0,0.002122657487587879,Val,T140508-2016,C,2019
0.0,-0.0028156524350309063,Val,T180505-2015,C,2019
0.0,0.06625400094639523,Val,T190403-2022,C,2019
0.0,-0.001956405802653392,Val,T170201-2015,C,2019
0.0,0.041116053655086186,Val,T161106-2022,C,2019
0.0,0.013308268485996191,Val,T270602-2016,C,2019
0.0,0.022541331643090676,Val,T130607-2016,C,2019
0.0,-0.018320024453572396,Val,T760119-2017,C,2019
0.0,0.04221166799837078,Val,T740208-2022,C,2019
0.0,-0.01350146889913385,Val,T141407-2020,C,2019
0.0,0.01778622390446528,Val,T270510-2017,C,2019
0.0,-0.009332812203473326,Val,T760122-2016,C,2019
0.0,0.0112184178801376,Val,T240702-2015,C,2019
0.0,0.015897831236205764,Val,T141302-2022,C,2019
0.0,0.028064282671235282,Val,T710517-2018,C,2019
0.0,0.05355127588258481,Val,T710706-2015,C,2019
0.0,-0.008813878887107983,Val,T130306-2015,C,2019
0.0004187604690117,0.0456105839241436,Val,T150504-2021,C,2019
0.0,0.022099090804177816,Val,T770302-2016,C,2019
0.0,0.018868185222007484,Val,T150608-2020,C,2019
0.0,0.008395385142119032,Val,T150301-2015,C,2019
0.0,0.010250755020002049,Val,T760110-2015,C,2019
0.0,0.01074643512023247,Val,T750310-2018,C,2019
0.0,0.013845376305177102,Val,T260105-2022,C,2019
0.0,0.0622660712709132,Val,T210301-2020,C,2019
0.0,0.016102165682105995,Val,T250109-2022,C,2019
0.0,0.05507949123511564,Val,T102302-2021,C,2019
0.0,0.005990334648874949,Val,T140717-2018,C,2019
0.0,0.014572391708115372,Val,T720712-2018,C,2019
0.0,0.018332143771527098,Val,T250903-2015,C,2019
0.0,-0.00320949205245449,Val,T270802-2016,C,2019
0.0,0.007418108778052896,Val,T760402-2018,C,2019
0.0,0.058039434134681114,Val,T200207-2016,C,2019
0.0,0.0723142642341199,Val,T700702-2018,C,2019
0.0,0.007268683125953249,Val,T190111-2020,C,2019
0.0,-0.003699843615895392,Val,T250707-2017,C,2019
0.0,0.02546601943433229,Val,T270401-2018,C,2019
0.0,-0.00777235253728877,Val,T130204-2016,C,2019
0.0,0.004809775943999057,Val,T760302-2020,C,2019
0.0,0.03268544721884301,Val,T770304-2016,C,2019
0.0,0.006578931269464522,Val,T160123-2018,C,2019
0.1030284428074483,0.07205765589197008,Val,T170404-2022,C,2019
0.0,0.09046607718650694,Val,T220204-2020,C,2019
0.0418299778719417,0.09347778241323172,Val,T150107-2022,C,2019
0.1248791803595592,0.012291333795434284,Val,T150408-2016,C,2019
0.0,-3.397868979291793e-05,Val,T730616-2015,C,2019
0.0,-0.013538182290030952,Val,T240118-2016,C,2019
0.1839789676682433,0.05931190802347776,Val,T720803-2021,C,2019
0.0,0.01635641653392352,Val,T150413-2018,C,2019
0.0,-0.009757287457702326,Val,T160318-2018,C,2019
0.0,-0.014630777683503135,Val,T270601-2015,C,2019
0.0,-0.002810817948989455,Val,T260406-2016,C,2019
0.0032884204716617,0.03414764048308629,Val,T180601-2016,C,2019
0.0,0.031579223789616744,Val,T270204-2022,C,2019
0.4,0.0199660737664322,Val,T230202-2016,C,2019
0.0,0.07036626306734896,Val,T770302-2021,C,2019
0.0066939684953154,0.03202696787827731,Val,T140905-2021,C,2019
0.0,0.02262784646853895,Val,T141506-2016,C,2019
0.0,0.0036104866730032404,Val,T710111-2015,C,2019
0.0,0.026133952385890943,Val,T700509-2015,C,2019
0.0,0.0032425569524470116,Val,T700901-2016,C,2019
0.0097740109050035,0.004472076996117677,Val,T730319-2022,C,2019
0.0,0.057922570094422005,Val,T140117-2017,C,2019
0.0,0.023662895038599634,Val,T220503-2018,C,2019
0.0,0.0052375070613436955,Val,T760613-2020,C,2019
0.0,0.020995426803801766,Val,T711304-2020,C,2019
0.0584789893345462,0.041822434372215,Val,T770404-2017,C,2019
0.0,0.054807609459312734,Val,T740204-2017,C,2019
0.0,0.0272484979990305,Val,T250807-2020,C,2019
0.0,-0.0035522408792548923,Val,T160121-2015,C,2019
0.0,0.059260646046368146,Val,T104401-2015,C,2019
0.0,0.06095213824521638,Val,T190603-2018,C,2019
0.0,-0.0066081977322397555,Val,T240105-2017,C,2019
0.0,0.004267743184325646,Val,T250701-2015,C,2019
0.0,-0.0010035541689215183,Val,T140115-2018,C,2019
0.0,0.002557389959312092,Val,T160205-2018,C,2019
0.0042614717297009,0.027037945042106243,Val,T721002-2021,C,2019
0.0490887408883441,0.04549873739127385,Val,T720112-2017,C,2019
0.0,0.07226324877454603,Val,T190316-2018,C,2019
0.0,-0.00110526298248467,Val,T760402-2017,C,2019
0.0,0.0017405392924486863,Val,T140608-2015,C,2019
0.0,0.007918823955863111,Val,T240307-2020,C,2019
0.0,-0.006125451297451673,Val,T190403-2016,C,2019
0.0,0.0576234286595826,Val,T160505-2022,C,2019
0.0022462203023758,0.06536208689224841,Val,T240702-2020,C,2019
0.0,0.006343448784133846,Val,T150502-2015,C,2019
0.0,-0.0036545126187515703,Val,T140406-2021,C,2019
0.0,0.014814023685755249,Val,T270301-2015,C,2019
0.1843146669557877,-0.0012905742586951491,Val,T190704-2016,C,2019
0.0,0.03060733767007134,Val,T230302-2017,C,2019
0.0,-0.00493634596276606,Val,T700105-2020,C,2019
0.0,-0.0018647912338110892,Val,T240903-2018,C,2019
0.0,0.04163280282026404,Val,T130709-2021,C,2019
0.0,0.010686466212143527,Val,T170301-2015,C,2019
0.0,0.012883770003379995,Val,T160111-2020,C,2019
0.0,0.01043975696125211,Val,T201003-2022,C,2019
0.0,0.0247042793969723,Val,T240113-2016,C,2019
0.0,0.007235822017134766,Val,T711004-2022,C,2019
0.0,0.06158392736248343,Val,T160604-2015,C,2019
0.0148122024334332,-0.008859877301567768,Val,T141107-2022,C,2019
0.0,0.016807769622657898,Val,T100305-2018,C,2019
0.0,-0.020742659667897862,Val,T260109-2017,C,2019
0.0,0.0737731374064159,Val,T180104-2016,C,2019
0.0,0.007661623788645683,Val,T710516-2016,C,2019
0.0,0.00019523408286678385,Val,T250301-2021,C,2019
0.0,0.06740238632167904,Val,T160422-2021,C,2019
0.0,0.03405941310848372,Val,T730114-2017,C,2019
0.0,0.023210886040465343,Val,T710902-2015,C,2019
0.0,0.12581193326529036,Val,T730106-2016,C,2019
0.0,0.0027266185944045266,Val,T730401-2021,C,2019
0.0,0.01610380770413466,Val,T760710-2021,C,2019
0.0,0.03758861613037428,Val,T191005-2017,C,2019
0.0,-0.006585039336889975,Val,T141204-2020,C,2019
0.0,0.00911156572815783,Val,T140816-2017,C,2019
0.0,0.023668197832763586,Val,T130104-2018,C,2019
0.0,0.03331778993493255,Val,T710404-2017,C,2019
0.0,0.0032047760395468626,Val,T240310-2020,C,2019
0.0,0.011353425017143707,Val,T161102-2020,C,2019
0.0,0.014563686756427703,Val,T730603-2020,C,2019
0.165933646432044,0.010573642366732786,Val,T160604-2022,C,2019
0.0,0.0046701093382296825,Val,T760511-2022,C,2019
0.0,0.024041186733704714,Val,T110601-2015,C,2019
0.0,-0.013604995334114366,Val,T140417-2015,C,2019
0.0,0.004702323804552766,Val,T730308-2017,C,2019
0.0,0.002079207540003996,Val,T141209-2020,C,2019
0.0,0.04885147874862981,Val,T700708-2018,C,2019
0.0,0.007842631984673451,Val,T770201-2021,C,2019
0.0,0.04269593501359847,Val,T230109-2020,C,2019
0.0,-0.006233701915839559,Val,T720706-2015,C,2019
0.0,0.03163005552463369,Val,T141508-2015,C,2019
0.0,0.001729782715528764,Val,T140415-2017,C,2019
0.0,0.01435110132520789,Val,T760701-2015,C,2019
0.0,0.02629491829473421,Val,T220202-2021,C,2019
0.0,0.023618799332205127,Val,T720207-2020,C,2019
0.0,0.04685417257377352,Val,T700119-2021,C,2019
0.0,0.01658740055452947,Val,T190318-2021,C,2019
0.0,-0.006987684660963749,Val,T161101-2020,C,2019
0.0,0.041010034033325725,Val,T770601-2016,C,2019
0.0050046102469594,0.07046965003067303,Val,T150405-2021,C,2019
0.0,0.0075318727091909544,Val,T720209-2015,C,2019
0.0,0.022144846160293122,Val,T710509-2022,C,2019
0.0,0.008936991044286113,Val,T170102-2021,C,2019
0.0,0.015245081171150062,Val,T270207-2015,C,2019
0.0,-0.010428802835690539,Val,T760514-2015,C,2019
0.0,0.0024451165455085886,Val,T700812-2020,C,2019
0.0,0.01578635505525366,Val,T250104-2018,C,2019
0.0,0.04421315429840699,Val,T720710-2022,C,2019
0.0,0.031165178445678857,Val,T730104-2017,C,2019
0.0,0.011300723612988428,Val,T130101-2016,C,2019
0.0,0.04374313933046398,Val,T700707-2018,C,2019
0.0,0.052792093450293245,Val,T120605-2016,C,2019
0.0,-0.011323979511980248,Val,T190307-2020,C,2019
0.0,0.0261868990128461,Val,T270610-2022,C,2019
0.0030237297048576,0.06688857599986534,Val,T140813-2022,C,2019
0.0,0.04739924383545176,Val,T250301-2020,C,2019
0.0,0.019449955345127414,Val,T160303-2018,C,2019
0.0,0.015403065956833639,Val,T180206-2020,C,2019
0.0,0.009434937995097058,Val,T760506-2022,C,2019
0.0,0.043767631103448015,Val,T730115-2017,C,2019
0.0,0.030817930479004305,Val,T230306-2017,C,2019
0.0,0.013623619414172505,Val,T240308-2018,C,2019
0.0,0.03914493996822768,Val,T210310-2018,C,2019
0.0,-0.011645644182251984,Val,T180107-2018,C,2019
0.0,-0.009230865778737253,Val,T760708-2020,C,2019
0.0,-0.0001596025334853188,Val,T240510-2015,C,2019
0.0,-0.004011406212744364,Val,T730317-2018,C,2019
0.0,0.011382936569870513,Val,T240904-2022,C,2019
0.0,0.01954608725399124,Val,T200109-2021,C,2019
0.0,0.0013457054391287863,Val,T730511-2022,C,2019
0.0,0.020129897247545304,Val,T170306-2018,C,2019
0.0,-0.015772393842799378,Val,T140502-2015,C,2019
0.0,0.010040758222888607,Val,T720210-2015,C,2019
0.0,0.0030301549936964873,Val,T150109-2015,C,2019
0.0,-0.012770710417823489,Val,T730604-2015,C,2019
0.0,0.01821416368951237,Val,T140205-2017,C,2019
0.0078655579507271,0.06645141602346602,Val,T140202-2021,C,2019
0.0021604716601589,0.08375835708644302,Val,T190801-2022,C,2019
0.0,0.004301829862474242,Val,T141602-2015,C,2019
0.0,0.009701010801267123,Val,T710308-2017,C,2019
0.0,0.0397067461317002,Val,T140804-2017,C,2019
0.0,0.010447160135533767,Val,T250109-2021,C,2019
0.0018854776582681,0.04822289508564519,Val,T720119-2017,C,2019
0.0,0.059779697933605186,Val,T160108-2016,C,2019
0.0,0.0059017375247734805,Val,T760115-2015,C,2019
0.0,0.004608064833960791,Val,T270105-2022,C,2019
0.03524486404399,0.004944611449785993,Val,T720114-2017,C,2019
0.0,0.04007815150169033,Val,T240505-2020,C,2019
0.0,0.04819362523684645,Val,T141502-2017,C,2019
0.0034685605007,0.05742802203881509,Val,T180605-2021,C,2019
0.0,0.028566242541215616,Val,T220204-2018,C,2019
0.0,0.033070464402436085,Val,T711005-2016,C,2019
0.0894010163718395,0.06566707345851379,Val,T160510-2021,C,2019
0.0,0.053327514475335416,Val,T270507-2022,C,2019
0.0253186590605195,0.05072805591379111,Val,T770202-2018,C,2019
0.0,0.04016089574370961,Val,T700705-2017,C,2019
0.0,0.06217062085798678,Val,T200401-2022,C,2019
0.0,4.8175315440398444e-05,Val,T721001-2018,C,2019
0.1109522625559423,0.028892149205125926,Val,T191002-2021,C,2019
0.0,0.0012436702380942502,Val,T104401-2016,C,2019
0.0,-0.020986224355077115,Val,T220606-2017,C,2019
0.0,-0.0074961477407168515,Val,T140301-2020,C,2019
0.0,0.008457386987638173,Val,T130103-2022,C,2019
0.0,0.022100648662952343,Val,T160620-2016,C,2019
0.0,0.014327938358782454,Val,T160801-2015,C,2019
0.0,-0.008067854192352775,Val,T720501-2015,C,2019
0.0,-0.004559498665995853,Val,T130710-2018,C,2019
0.0,0.005457809307236931,Val,T200605-2020,C,2019
0.0,0.023254058634474318,Val,T240113-2015,C,2019
0.0492560287326834,0.010925966524988194,Val,T191010-2022,C,2019
0.0,0.031715716143591456,Val,T721005-2020,C,2019
0.0,0.0005713688836404791,Val,T100304-2016,C,2019
0.0,-0.0019225715322162855,Val,T720508-2022,C,2019
0.0,-0.009133573603010092,Val,T730512-2015,C,2019
0.0,-0.010168501066477957,Val,T730305-2017,C,2019
0.0,0.01662507453861829,Val,T141107-2020,C,2019
0.0,0.02861890593546374,Val,T170407-2020,C,2019
0.0,0.012471699307799098,Val,T210506-2018,C,2019
0.0,0.021120547501816925,Val,T760601-2022,C,2019
0.0,-0.0030374240976279976,Val,T190313-2015,C,2019
0.0,-0.001780598685271769,Val,T240408-2015,C,2019
0.009253860000507,0.004550166127705154,Val,T720807-2017,C,2019
0.0,0.010548383116075135,Val,T141306-2022,C,2019
0.0,0.02363804322516704,Val,T140307-2021,C,2019
0.0,-0.002460378062083276,Val,T141512-2018,C,2019
0.0,0.03175329284680818,Val,T201102-2018,C,2019
0.0,0.00478929061334488,Val,T700108-2018,C,2019
0.0,0.021394059138239996,Val,T190210-2020,C,2019
0.0,-0.013090727552413877,Val,T760604-2017,C,2019
0.0106822501845829,-0.001469580886900401,Val,T270301-2017,C,2019
0.0,0.06088478032911865,Val,T240212-2021,C,2019
0.0,0.020051575224925615,Val,T710301-2017,C,2019
0.0,-0.009392126788735706,Val,T130504-2018,C,2019
0.0,-0.00691320321972308,Val,T720109-2016,C,2019
0.0,0.012161630960034182,Val,T130108-2016,C,2019
0.0,0.0506572694399029,Val,T250903-2020,C,2019
0.0,0.014101636495539359,Val,T710911-2022,C,2019
0.0,0.03150260803187114,Val,T190207-2016,C,2019
0.0,0.0533497223903916,Val,T141505-2022,C,2019
0.0,-0.004361860397411299,Val,T170104-2016,C,2019
0.0,-0.0009098012947708315,Val,T130105-2018,C,2019
0.0,0.024038339938122714,Val,T190309-2018,C,2019
0.0,0.019817592600567785,Val,T210507-2017,C,2019
0.0,0.009592096581406726,Val,T760704-2015,C,2019
0.0,0.040174501351728564,Val,T161002-2020,C,2019
0.0,0.013958584136029156,Val,T141603-2020,C,2019
0.0,0.09542949998141821,Val,T190110-2022,C,2019
0.0,0.06070390028620903,Val,T170602-2015,C,2019
0.0,-0.01567361312565814,Val,T700811-2015,C,2019
0.0,-0.00406103974333482,Val,T190318-2016,C,2019
0.0,0.0032812967845627797,Val,T130506-2015,C,2019
0.0,0.040080541522410536,Val,T140601-2021,C,2019
0.0,0.041544221283242276,Val,T190206-2020,C,2019
0.0051007470835599,0.014771794745262938,Val,T720207-2022,C,2019
0.0,0.022970405160884916,Val,T140419-2020,C,2019
0.0,0.01684712357939564,Val,T710104-2022,C,2019
0.0,-0.007001965778550834,Val,T130107-2018,C,2019
0.0,-0.001819780990838004,Val,T241101-2018,C,2019
0.0,0.08194813296137557,Val,T760602-2017,C,2019
0.0,0.00354044263721205,Val,T240116-2018,C,2019
0.0,-5.362161686665695e-05,Val,T140606-2017,C,2019
0.0,-0.00032940224965184793,Val,T101002-2018,C,2019
0.0,0.0794039083437487,Val,T190315-2021,C,2019
0.0,0.07466985791875504,Val,T230111-2020,C,2019
0.0,-0.005050102154975186,Val,T700801-2018,C,2019
0.0,-0.008429821274091264,Val,T190108-2020,C,2019
0.0,0.026575131026279113,Val,T700119-2018,C,2019
0.0,0.03508773827236003,Val,T190501-2022,C,2019
0.0,0.030658445755633666,Val,T180608-2017,C,2019
0.0,-0.003375304087897994,Val,T141305-2015,C,2019
0.0,-0.0013896525231554256,Val,T170502-2018,C,2019
0.0,0.030361392234708073,Val,T730215-2018,C,2019
0.0,-0.0015733557507861026,Val,T150703-2016,C,2019
0.0,0.04742536511241632,Val,T760616-2022,C,2019
0.0,-0.010602418311842034,Val,T190501-2018,C,2019
0.0,-0.0021087085184839363,Val,T180701-2017,C,2019
0.0,0.013748225741006198,Val,T710206-2018,C,2019
0.0,0.0434636300041469,Val,T190508-2021,C,2019
0.0,0.0066886549168865776,Val,T140705-2015,C,2019
0.0,0.030767020260400298,Val,T101102-2016,C,2019
0.0,-0.021431483605704783,Val,T191012-2015,C,2019
0.0,-0.005759064528803638,Val,T120610-2015,C,2019
0.0,0.018029798025924283,Val,T240501-2021,C,2019
0.0,0.008344483598493043,Val,T721002-2018,C,2019
0.0,0.06747605092223721,Val,T711006-2016,C,2019
0.0,-0.017116473599048068,Val,T240306-2017,C,2019
0.0,0.13206118159235167,Val,T230104-2016,C,2019
0.0,-0.007149230701102221,Val,T701003-2017,C,2019
0.0,0.009198959133552677,Val,T710607-2022,C,2019
0.0,-0.0021060516776522306,Val,T250705-2020,C,2019
0.0229621852956786,0.11778573400995968,Val,T270802-2020,C,2019
0.0017240553613332,0.029296968510436346,Val,T180704-2021,C,2019
0.0,0.06243009120706728,Val,T141604-2021,C,2019
0.0,0.0064174850095443485,Val,T270506-2018,C,2019
0.0761904761904762,0.058692185645296116,Val,T200406-2015,C,2019
0.0047122133501716,0.027902131121478976,Val,T140120-2022,C,2019
0.0,0.04727276881104827,Val,T140705-2021,C,2019
0.0,-0.02462627234204527,Val,T240504-2015,C,2019
0.0,0.034837239092645716,Val,T240116-2016,C,2019
0.0,0.04902837274270217,Val,T760701-2017,C,2019
0.0,0.014515351957821627,Val,T160304-2015,C,2019
0.0,0.007554650501189972,Val,T130405-2018,C,2019
0.0,-0.012593023864660931,Val,T710108-2020,C,2019
0.0,0.03928622148961519,Val,T270611-2022,C,2019
0.0,0.004651603548824374,Val,T240515-2016,C,2019
0.0,0.1407167205331791,Val,T240901-2017,C,2019
0.0,-0.005817410080822978,Val,T230402-2021,C,2019
0.0,0.002687126849629459,Val,T140403-2022,C,2019
0.0,0.011991672148088387,Val,T260110-2022,C,2019
0.0,0.012409133066620597,Val,T104602-2018,C,2019
0.0,0.007503312706175002,Val,T104601-2016,C,2019
0.0,0.04137970167704536,Val,T760116-2022,C,2019
0.0,0.005669314816800563,Val,T730402-2021,C,2019
0.0,0.024921144380420583,Val,T200511-2016,C,2019
0.0,-0.007436667901469442,Val,T190307-2018,C,2019
0.0,-0.008534952388640438,Val,T160412-2020,C,2019
0.0,0.001967774244886609,Val,T730320-2015,C,2019
0.0,0.016786898506440537,Val,T210302-2022,C,2019
0.0,-0.0009298057124661134,Val,T150408-2018,C,2019
0.0,0.08866003287281758,Val,T730104-2015,C,2019
0.0,0.004420981475173855,Val,T110201-2017,C,2019
0.0,0.021803686385073108,Val,T170606-2015,C,2019
0.0,0.037375948092900575,Val,T180307-2020,C,2019
0.0,0.020521462565458806,Val,T140419-2021,C,2019
0.0,-0.016202867649785874,Val,T250807-2016,C,2019
0.0,0.027236031350004374,Val,T700713-2017,C,2019
0.0,-0.01703572906083066,Val,T141104-2022,C,2019
0.0,0.031960731869854396,Val,T710704-2022,C,2019
0.0,0.011346876691381957,Val,T770705-2018,C,2019
0.0,0.025153676515273615,Val,T190318-2020,C,2019
0.0360775096137271,0.01653818999769856,Val,T170602-2017,C,2019
0.0,0.03944969064846231,Val,T160702-2020,C,2019
0.0,0.061908895629000954,Val,T730303-2017,C,2019
0.0,0.03800251609684688,Val,T130406-2015,C,2019
0.089943280855568,0.04414575904324945,Val,T720111-2017,C,2019
0.0,-0.011213888977560002,Val,T700508-2017,C,2019
0.0,0.041533625323018124,Val,T760604-2020,C,2019
0.0,-0.014328054471565856,Val,T240513-2016,C,2019
0.0,-0.0035532191085862652,Val,T730204-2016,C,2019
0.0,0.015088574826767818,Val,T140808-2022,C,2019
0.0017485965084413,0.05656783643958944,Val,T140814-2022,C,2019
0.0,-0.006069623047783803,Val,T141407-2018,C,2019
0.0,0.008175658463845407,Val,T760605-2016,C,2019
0.0,0.026784589321272038,Val,T700708-2020,C,2019
0.0,0.024986707309674207,Val,T730508-2020,C,2019
0.0,0.03678150322366271,Val,T191303-2015,C,2019
0.0,0.019559782123719456,Val,T141209-2021,C,2019
0.0,0.017898253429314885,Val,T161005-2020,C,2019
0.0,-0.006030375508902051,Val,T141107-2018,C,2019
0.0,0.06808701731599172,Val,T190310-2015,C,2019
0.0,0.08021476407773248,Val,T700812-2021,C,2019
0.0,-0.01609069896524208,Val,T710608-2015,C,2019
0.0109857816520967,0.012818124075657538,Val,T140413-2016,C,2019
0.0,0.02658127220829341,Val,T130603-2015,C,2019
0.0,0.04535294103161245,Val,T190202-2021,C,2019
0.0168999629737174,0.014681708437919792,Val,T180107-2021,C,2019
0.0,0.013563985020459043,Val,T160412-2018,C,2019
0.0,0.0350844014295879,Val,T140714-2016,C,2019
0.0,0.04157252053560948,Val,T730213-2016,C,2019
0.0,0.051105487174750594,Val,T200607-2015,C,2019
0.0,0.0256068308081052,Val,T160301-2017,C,2019
0.0,0.028300866665266818,Val,T720110-2021,C,2019
0.0,0.008210661890927267,Val,T760702-2020,C,2019
0.0,0.08472481256221,Val,T190109-2016,C,2019
0.0,0.02887423899688663,Val,T760209-2016,C,2019
0.0117744024490757,0.07893196071377234,Val,T270606-2020,C,2019
0.0,0.0008956891018511346,Val,T770804-2020,C,2019
0.0,0.03725531366398459,Val,T240114-2022,C,2019
0.0,-0.01191223234192244,Val,T730201-2015,C,2019
0.0,0.07118816052041495,Val,T190405-2015,C,2019
0.0,0.04292211096937714,Val,T760407-2022,C,2019
0.0,0.02069322273120331,Val,T190907-2021,C,2019
0.0,-0.008639435346807132,Val,T760617-2020,C,2019
0.0,0.005362320362235092,Val,T130207-2018,C,2019
0.0200097190063745,0.004999786034733672,Val,T120405-2022,C,2019
0.0,0.013786812008483206,Val,T160802-2020,C,2019
0.0,0.00628402995182749,Val,T161003-2020,C,2019
0.0,0.012465412166242664,Val,T160310-2017,C,2019
0.0,-0.004631820642728529,Val,T150201-2018,C,2019
0.0,0.012705498697393186,Val,T180303-2017,C,2019
0.0,0.01410306127313584,Val,T770305-2020,C,2019
0.0,0.008334349307655125,Val,T250208-2018,C,2019
0.0,0.07293385621237962,Val,T720907-2022,C,2019
0.0,0.0903485301818585,Val,T170303-2022,C,2019
0.0,0.028856882509119774,Val,T730102-2016,C,2019
0.0,0.010136324813742053,Val,T100307-2021,C,2019
0.018753705369206,0.08222482103868917,Val,T141406-2022,C,2019
0.0,0.0017212769075765125,Val,T130710-2015,C,2019
0.0,0.03591550732363314,Val,T760108-2016,C,2019
0.0,0.003873977259807263,Val,T190209-2017,C,2019
0.0,-0.002137071435983735,Val,T120407-2016,C,2019
0.0,0.07482449935308418,Val,T710108-2015,C,2019
0.28,0.07354291740106418,Val,T700707-2016,C,2019
0.0,0.0036266396483162788,Test,T101001-2019,C,2019
0.0,-0.005779707244375467,Test,T101002-2019,C,2019
0.0,-0.0035106967060147417,Test,T101102-2019,C,2019
0.0,-0.007862358129000636,Test,T101103-2019,C,2019
0.0,-0.011081709982559486,Test,T101104-2019,C,2019
0.0,-0.003315958822966972,Test,T101105-2019,C,2019
0.0,-0.009900830534683746,Test,T101106-2019,C,2019
0.0,0.01766244059537479,Test,T100301-2019,C,2019
0.0,0.019831199296317843,Test,T100302-2019,C,2019
0.0,0.013489872812315586,Test,T100303-2019,C,2019
0.0,-0.009547666880355214,Test,T100304-2019,C,2019
0.0,-0.004181736993383661,Test,T100305-2019,C,2019
0.0,0.040561528100869805,Test,T100306-2019,C,2019
0.0,0.001185305104971948,Test,T100307-2019,C,2019
0.0,0.018166793284856625,Test,T100308-2019,C,2019
0.0,0.016089327163675296,Test,T103203-2019,C,2019
0.0,-0.02036623885699095,Test,T104201-2019,C,2019
0.0,-0.017607065343687004,Test,T104202-2019,C,2019
0.0,0.03658080587130124,Test,T104203-2019,C,2019
0.0,-0.0026298461490784895,Test,T104401-2019,C,2019
0.0,-0.00526440434074925,Test,T104601-2019,C,2019
0.0,0.00041565070028298594,Test,T104602-2019,C,2019
0.0,0.009655888102399696,Test,T104604-2019,C,2019
0.0,0.033899309692706416,Test,T104605-2019,C,2019
0.0,0.004184272782545502,Test,T104801-2019,C,2019
0.0,-0.004945389771814149,Test,T104802-2019,C,2019
0.0,-0.0062803997240702255,Test,T100508-2019,C,2019
0.0,0.011359471045981935,Test,T110201-2019,C,2019
0.0,0.030788201141595698,Test,T110202-2019,C,2019
0.0,-0.002650084013030418,Test,T110203-2019,C,2019
0.0,0.014967112259504908,Test,T110206-2019,C,2019
0.0,-0.015793093931171447,Test,T110207-2019,C,2019
0.0,0.03589703421830503,Test,T110208-2019,C,2019
0.0,0.008952666466942072,Test,T110601-2019,C,2019
0.0,-0.013849797981704692,Test,T120209-2019,C,2019
0.0,-0.009928989174990379,Test,T120301-2019,C,2019
0.0,-0.008740957680078107,Test,T120302-2019,C,2019
0.0,-0.010640162753398939,Test,T120304-2019,C,2019
0.0,-0.009696580200929266,Test,T120305-2019,C,2019
0.0,0.0009721709154764651,Test,T120306-2019,C,2019
0.0,-0.0003341654914320345,Test,T120402-2019,C,2019
0.0,-0.004791269102179688,Test,T120404-2019,C,2019
0.0,-0.006343255927049775,Test,T120405-2019,C,2019
0.0,-0.006776399751631463,Test,T120406-2019,C,2019
0.0,-0.004579768840648761,Test,T120407-2019,C,2019
0.0,-0.000665888080446023,Test,T120408-2019,C,2019
0.0,-0.007046961192003933,Test,T120501-2019,C,2019
0.0,0.003535357603707114,Test,T120502-2019,C,2019
0.0,-0.006412247563546181,Test,T120503-2019,C,2019
0.0,-0.0074219514737997845,Test,T120504-2019,C,2019
0.0,0.0005315451840328244,Test,T120505-2019,C,2019
0.0,0.00035389527000734874,Test,T120506-2019,C,2019
0.0,-0.008802695838451141,Test,T120507-2019,C,2019
0.0,-0.009350254020098923,Test,T120610-2019,C,2019
0.0,0.017881644852573934,Test,T120611-2019,C,2019
0.0,-0.015246536397215302,Test,T120603-2019,C,2019
0.0,-0.0016708956931522248,Test,T120604-2019,C,2019
0.0,-0.011691255294254873,Test,T120605-2019,C,2019
0.0,0.014701527894870992,Test,T120606-2019,C,2019
0.0,-0.005116004815378725,Test,T130101-2019,C,2019
0.0,-0.014769546291735868,Test,T130110-2019,C,2019
0.0,0.004623024508002715,Test,T130113-2019,C,2019
0.0,0.003305500386826296,Test,T130103-2019,C,2019
0.0,0.008014058759665842,Test,T130104-2019,C,2019
0.0,-0.005468642597479601,Test,T130105-2019,C,2019
0.0,-0.014236236621073243,Test,T130107-2019,C,2019
0.0,0.027767887131449624,Test,T130108-2019,C,2019
0.0,-0.0021558709012703685,Test,T130109-2019,C,2019
0.0,0.016654777190000917,Test,T130201-2019,C,2019
0.0,0.027079376883060134,Test,T130202-2019,C,2019
0.0,-0.0051421608976324135,Test,T130203-2019,C,2019
0.0,-0.005020999510985663,Test,T130204-2019,C,2019
0.0,-0.006786657095045051,Test,T130205-2019,C,2019
0.0,0.0012602160808595792,Test,T130206-2019,C,2019
0.0,0.0018747687246381645,Test,T130207-2019,C,2019
0.0,0.019193037232009765,Test,T130303-2019,C,2019
0.0,0.02374639218159162,Test,T130304-2019,C,2019
0.0,-0.004720021870010715,Test,T130305-2019,C,2019
0.0,0.001462305017325978,Test,T130306-2019,C,2019
0.0,0.002684573147191085,Test,T130401-2019,C,2019
0.0,0.00034694199678128763,Test,T130402-2019,C,2019
0.0,-0.005307556809786008,Test,T130403-2019,C,2019
0.0,0.004979646583558306,Test,T130404-2019,C,2019
0.0,0.0013316351899732167,Test,T130405-2019,C,2019
0.0,0.009766926545371295,Test,T130406-2019,C,2019
0.0,0.030211150248581738,Test,T130407-2019,C,2019
0.0,-0.0022184809859428904,Test,T130501-2019,C,2019
0.0,-0.00386617260214709,Test,T130502-2019,C,2019
0.0,-0.009451369865068442,Test,T130503-2019,C,2019
0.0,-0.004151928970740897,Test,T130504-2019,C,2019
0.0,-0.009008570377203602,Test,T130505-2019,C,2019
0.0,0.008130759808874082,Test,T130506-2019,C,2019
0.0,-0.0002316933318470764,Test,T130507-2019,C,2019
0.0,0.00690996034987282,Test,T130601-2019,C,2019
0.0,-0.03390322140216124,Test,T130602-2019,C,2019
0.0,-0.010803294462869468,Test,T130603-2019,C,2019
0.0,0.0011149698804934704,Test,T130604-2019,C,2019
0.0,-0.004310095954410168,Test,T130605-2019,C,2019
0.0,0.004472952410482461,Test,T130606-2019,C,2019
0.0,0.012735048130829782,Test,T130607-2019,C,2019
0.0,0.0076471821118136735,Test,T130608-2019,C,2019
0.0,0.011589662948232419,Test,T130701-2019,C,2019
0.0,-0.011957480128989981,Test,T130710-2019,C,2019
0.0,0.014091942977644453,Test,T130711-2019,C,2019
0.0,0.016782017087506214,Test,T130702-2019,C,2019
0.0,0.028796721037546633,Test,T130703-2019,C,2019
0.0,0.055239128010871906,Test,T130704-2019,C,2019
0.0,0.0025284078224511934,Test,T130705-2019,C,2019
0.0,-0.010432482876584876,Test,T130706-2019,C,2019
0.0,0.06439600882271193,Test,T130707-2019,C,2019
0.0,0.003989889982369218,Test,T130708-2019,C,2019
0.0,0.01821899064594028,Test,T130709-2019,C,2019
0.0,0.015603342783077966,Test,T140110-2019,C,2019
0.0,0.02375255887010941,Test,T140111-2019,C,2019
0.0,-0.016561110578501025,Test,T140112-2019,C,2019
0.0,0.03192278926333202,Test,T140113-2019,C,2019
0.0,0.03270850615221636,Test,T140114-2019,C,2019
0.0,0.001074766307476764,Test,T140115-2019,C,2019
0.0,-0.010482491501514911,Test,T140116-2019,C,2019
0.0,0.0010735228638552897,Test,T140117-2019,C,2019
0.0,0.051206799687616704,Test,T140119-2019,C,2019
0.0,-0.004044353800686682,Test,T140120-2019,C,2019
0.0,0.017308949209119056,Test,T140121-2019,C,2019
0.0,0.0009647059317812747,Test,T140107-2019,C,2019
0.0,-0.0035251787134571682,Test,T140108-2019,C,2019
0.0,0.012527042644206357,Test,T140109-2019,C,2019
0.0,-0.004111481875353791,Test,T141001-2019,C,2019
0.0,-0.003614718917276454,Test,T141002-2019,C,2019
0.0,-0.0012011419770018232,Test,T141003-2019,C,2019
0.0,-0.0006056215689308728,Test,T141004-2019,C,2019
0.0,-0.005053148422041921,Test,T141005-2019,C,2019
0.0,0.005807894527271882,Test,T141006-2019,C,2019
0.0,-0.008555798780919423,Test,T141007-2019,C,2019
0.0,-0.004086577838008836,Test,T141101-2019,C,2019
0.0,-0.0006797232119943318,Test,T141110-2019,C,2019
0.0,0.008110590986176182,Test,T141102-2019,C,2019
0.0,-0.006058588381746002,Test,T141103-2019,C,2019
0.0,-0.018270109322370217,Test,T141104-2019,C,2019
0.0,0.006302222601636333,Test,T141105-2019,C,2019
0.0,-0.00559949187470923,Test,T141106-2019,C,2019
0.0,-0.00286720006359013,Test,T141107-2019,C,2019
0.0,0.013698749228473028,Test,T141108-2019,C,2019
0.0,-0.0029012697146467573,Test,T141109-2019,C,2019
0.0,-0.006875526894794583,Test,T141210-2019,C,2019
0.0,-0.001265579363993559,Test,T141211-2019,C,2019
0.0,0.007984866068024732,Test,T141212-2019,C,2019
0.0,-0.015422631888405388,Test,T141213-2019,C,2019
0.0,0.003376264529634296,Test,T141214-2019,C,2019
0.0,-0.0064211816699096536,Test,T141215-2019,C,2019
0.0,-0.0023431994730856356,Test,T141216-2019,C,2019
0.0,0.0016433148112198672,Test,T141217-2019,C,2019
0.0,0.0028769249045823876,Test,T141202-2019,C,2019
0.0,-0.005516495788521579,Test,T141203-2019,C,2019
0.0,-0.015394827973986676,Test,T141204-2019,C,2019
0.0,-0.0037326408795757514,Test,T141205-2019,C,2019
0.0,0.007299344100891233,Test,T141206-2019,C,2019
0.0,-0.0018506764897210032,Test,T141207-2019,C,2019
0.0,0.012407375595770414,Test,T141208-2019,C,2019
0.0,0.0048431974020008445,Test,T141209-2019,C,2019
0.0,0.00151507877761115,Test,T141301-2019,C,2019
0.0,-0.0018233946266448162,Test,T141302-2019,C,2019
0.0,0.00213463755595855,Test,T141303-2019,C,2019
0.0,0.01840359058100637,Test,T141304-2019,C,2019
0.0,-0.010072019593471973,Test,T141305-2019,C,2019
0.0,-0.010995581878284802,Test,T141306-2019,C,2019
0.0,0.003689935114685196,Test,T141401-2019,C,2019
0.0,0.0004155898524759471,Test,T141410-2019,C,2019
0.0,-0.00926138815311951,Test,T141411-2019,C,2019
0.0,0.0048396421841814955,Test,T141402-2019,C,2019
0.0,0.004369791391703584,Test,T141404-2019,C,2019
0.0,0.016808871673892393,Test,T141405-2019,C,2019
0.0,0.0028858480390463806,Test,T141406-2019,C,2019
0.0,0.01884042076453311,Test,T141407-2019,C,2019
0.0,-0.0037765389835340306,Test,T141408-2019,C,2019
0.0,0.054810158690978536,Test,T141501-2019,C,2019
0.0,0.003849411890295837,Test,T141511-2019,C,2019
0.0,-0.009261438952022182,Test,T141502-2019,C,2019
0.0,0.0008159908362886788,Test,T141503-2019,C,2019
0.0,-0.015130954489726001,Test,T141504-2019,C,2019
0.0,0.013970116157661437,Test,T141505-2019,C,2019
0.0,0.02548878998312682,Test,T141506-2019,C,2019
0.0,-0.013581873640374222,Test,T141509-2019,C,2019
0.0,-0.007650267709373573,Test,T141601-2019,C,2019
0.0,0.01810730666599113,Test,T141602-2019,C,2019
0.0,-0.009666002967796444,Test,T141603-2019,C,2019
0.0,-0.004157174389765594,Test,T141604-2019,C,2019
0.0,-0.004502834858079385,Test,T141605-2019,C,2019
0.0,-0.006658226731304371,Test,T140210-2019,C,2019
0.0,-0.008257851852394481,Test,T140204-2019,C,2019
0.0,-0.003609551706843281,Test,T140206-2019,C,2019
0.0,-0.022627948475104614,Test,T140207-2019,C,2019
0.0,0.025839449957125206,Test,T140301-2019,C,2019
0.0,0.05135598404371519,Test,T140310-2019,C,2019
0.0,0.0015314276744495831,Test,T140311-2019,C,2019
0.0,-0.00196976981870775,Test,T140312-2019,C,2019
0.0,-0.0002088096053571275,Test,T140302-2019,C,2019
0.0,0.04246682375928422,Test,T140303-2019,C,2019
0.0,-0.00810087321494265,Test,T140304-2019,C,2019
0.0,0.00758484667083042,Test,T140305-2019,C,2019
0.0,-0.0021230219885994997,Test,T140306-2019,C,2019
0.0,0.007613181584407919,Test,T140307-2019,C,2019
0.0,-0.003990383178882433,Test,T140308-2019,C,2019
0.0,-0.006427754288296624,Test,T140309-2019,C,2019
0.0,0.011696553864535853,Test,T140401-2019,C,2019
0.0,0.006390859674588657,Test,T140410-2019,C,2019
0.0,0.0027238447102328578,Test,T140411-2019,C,2019
0.0,-0.005311903413398785,Test,T140412-2019,C,2019
0.0,0.0006619318021584874,Test,T140413-2019,C,2019
0.0,-0.00015421738929639227,Test,T140414-2019,C,2019
0.0,-0.008138539844307154,Test,T140415-2019,C,2019
0.0,-0.008231405470134184,Test,T140416-2019,C,2019
0.0,-0.0027064095384728695,Test,T140417-2019,C,2019
0.0,0.003290194473972828,Test,T140418-2019,C,2019
0.0,-0.011297217968155285,Test,T140419-2019,C,2019
0.0,0.05346322635227201,Test,T140402-2019,C,2019
0.0,-0.01467045260352672,Test,T140420-2019,C,2019
0.0,0.003506545134427509,Test,T140421-2019,C,2019
0.0,0.007986250352629105,Test,T140422-2019,C,2019
0.0,0.00028982644646586024,Test,T140423-2019,C,2019
0.0,-0.006710702332546917,Test,T140403-2019,C,2019
0.0,-0.013015504455136322,Test,T140404-2019,C,2019
0.0,0.0030100959599351786,Test,T140405-2019,C,2019
0.0,-0.004442047108906973,Test,T140406-2019,C,2019
0.0,-0.006519888949956843,Test,T140407-2019,C,2019
0.0,0.012195990862031542,Test,T140408-2019,C,2019
0.0,-0.00024853503587270284,Test,T140409-2019,C,2019
0.0,-0.001579348185064328,Test,T140501-2019,C,2019
0.0,0.035022599921642424,Test,T140510-2019,C,2019
0.0,0.007642531564003817,Test,T140511-2019,C,2019
0.0,0.013383503731087267,Test,T140512-2019,C,2019
0.0,-0.0023095169536384605,Test,T140513-2019,C,2019
0.0,0.059967654095293026,Test,T140514-2019,C,2019
0.0,0.0033224783208420003,Test,T140515-2019,C,2019
0.0,-0.011327078263533307,Test,T140502-2019,C,2019
0.0,0.00892774186094048,Test,T140503-2019,C,2019
0.0,0.0010662199605910821,Test,T140504-2019,C,2019
0.0,0.0032336543423113814,Test,T140505-2019,C,2019
0.0,-0.005085013402563599,Test,T140506-2019,C,2019
0.0,0.0050831505426385684,Test,T140507-2019,C,2019
0.0,-0.0013504124215426476,Test,T140508-2019,C,2019
0.0,-0.00022575104061432392,Test,T140509-2019,C,2019
0.0,0.04463168596012454,Test,T140601-2019,C,2019
0.0,-0.0005351459121609171,Test,T140611-2019,C,2019
0.0,0.0039055103026751476,Test,T140612-2019,C,2019
0.0,0.007747070497567269,Test,T140613-2019,C,2019
0.0,0.014883344877483148,Test,T140614-2019,C,2019
0.0,-0.007524531038350852,Test,T140616-2019,C,2019
0.0,0.04663057682950733,Test,T140617-2019,C,2019
0.0,0.006975346878396834,Test,T140618-2019,C,2019
0.0,0.0030221953124961037,Test,T140602-2019,C,2019
0.0,0.04867423759080252,Test,T140603-2019,C,2019
0.0,0.02813028301470364,Test,T140605-2019,C,2019
0.0,-0.003647579402265267,Test,T140606-2019,C,2019
0.0,-0.004981833219660436,Test,T140607-2019,C,2019
0.0,0.006770610032973734,Test,T140608-2019,C,2019
0.0,0.008610636749295698,Test,T140609-2019,C,2019
0.0,0.012718653771909236,Test,T140712-2019,C,2019
0.0,-0.006041979326246458,Test,T140716-2019,C,2019
0.0,-0.010131470217078229,Test,T140717-2019,C,2019
0.0,0.004092899343031617,Test,T140702-2019,C,2019
0.0,0.0055769131903347135,Test,T140703-2019,C,2019
0.0,-0.004075430337452689,Test,T140704-2019,C,2019
0.0,-0.006333881448207164,Test,T140705-2019,C,2019
0.0,-0.005282139465260902,Test,T140706-2019,C,2019
0.0,-0.012214684840208939,Test,T140707-2019,C,2019
0.0,0.0032815429224678037,Test,T140801-2019,C,2019
0.0,-0.01008083744818317,Test,T140810-2019,C,2019
0.0,-0.002105455207912589,Test,T140811-2019,C,2019
0.0,-0.0005274535109920544,Test,T140812-2019,C,2019
0.0,-0.004960633812479505,Test,T140813-2019,C,2019
0.0,0.04557665785467405,Test,T140814-2019,C,2019
0.0,-0.003087067378247812,Test,T140815-2019,C,2019
0.0,0.005374918989282705,Test,T140816-2019,C,2019
0.0,-0.006086498923622754,Test,T140802-2019,C,2019
0.0,-0.017015868785299083,Test,T140803-2019,C,2019
0.0,0.0028931744496006944,Test,T140804-2019,C,2019
0.0,0.004654432699228899,Test,T140805-2019,C,2019
0.0,0.01327348978402486,Test,T140806-2019,C,2019
0.0,0.009211963610214412,Test,T140807-2019,C,2019
0.0,0.0020318174310253773,Test,T140808-2019,C,2019
0.0,-0.009912963188052728,Test,T140809-2019,C,2019
0.0,-0.00835740294914058,Test,T140901-2019,C,2019
0.0,-0.0031845841831758333,Test,T140902-2019,C,2019
0.0,0.02077947526160527,Test,T140903-2019,C,2019
0.0,-0.005406436525198618,Test,T140907-2019,C,2019
0.0,0.002238006248614441,Test,T150113-2019,C,2019
0.0,-0.007773005387892306,Test,T150114-2019,C,2019
0.0,-0.0034842109792159975,Test,T150103-2019,C,2019
0.0,-0.0087846742122318,Test,T150104-2019,C,2019
0.0,0.009903527889402595,Test,T150105-2019,C,2019
0.0,-0.006683734058600203,Test,T150106-2019,C,2019
0.0,0.0011290723329926006,Test,T150107-2019,C,2019
0.0,0.04691286679362908,Test,T150108-2019,C,2019
0.0,0.013773409378967684,Test,T150201-2019,C,2019
0.0,-0.013029212219439089,Test,T150202-2019,C,2019
0.0,0.0002444310953286288,Test,T150203-2019,C,2019
0.0,0.01574416687372684,Test,T150204-2019,C,2019
0.0,-0.004603340589977603,Test,T150205-2019,C,2019
0.0,0.024213500878284222,Test,T150206-2019,C,2019
0.0,-0.006090914434215139,Test,T150207-2019,C,2019
0.0,0.019642432139843572,Test,T150208-2019,C,2019
0.0,-0.012963957206786357,Test,T150209-2019,C,2019
0.0,0.004620718090680454,Test,T150301-2019,C,2019
0.0,0.040602340257088754,Test,T150302-2019,C,2019
0.0,-0.0015352506936141166,Test,T150303-2019,C,2019
0.0,-0.0035284054787276336,Test,T150304-2019,C,2019
0.0,-0.006484326805626028,Test,T150305-2019,C,2019
0.0,-0.0001468608487210249,Test,T150307-2019,C,2019
0.0,0.006233680648205826,Test,T150308-2019,C,2019
0.0,-0.001860939135112946,Test,T150401-2019,C,2019
0.0,-0.003387247461403352,Test,T150410-2019,C,2019
0.0,-0.008124352833597132,Test,T150411-2019,C,2019
0.0,-0.008925082750558165,Test,T150412-2019,C,2019
0.0,-0.007758457358812631,Test,T150413-2019,C,2019
0.0,-0.00010369565027956501,Test,T150414-2019,C,2019
0.0,-0.008771016857808216,Test,T150415-2019,C,2019
0.0,0.01355158946558818,Test,T150402-2019,C,2019
0.0,0.0037132706580420972,Test,T150403-2019,C,2019
0.0,-0.004143734185381869,Test,T150404-2019,C,2019
0.0,0.014172973614384472,Test,T150405-2019,C,2019
0.0,0.0028293779205540055,Test,T150406-2019,C,2019
0.0,-0.0027913034793504627,Test,T150407-2019,C,2019
0.0,-0.0050559777545312705,Test,T150408-2019,C,2019
0.0,-0.007057054148380207,Test,T150409-2019,C,2019
0.0,-0.009648299682298028,Test,T150501-2019,C,2019
0.0,-0.007678298644763373,Test,T150502-2019,C,2019
0.0,-0.0069868608291240855,Test,T150503-2019,C,2019
0.0,-0.0048230553445319565,Test,T150504-2019,C,2019
0.0,0.01201364876168826,Test,T150505-2019,C,2019
0.0,-0.010813116058533129,Test,T150506-2019,C,2019
0.0,0.001822642906517518,Test,T150507-2019,C,2019
0.0,0.00217353861173121,Test,T150601-2019,C,2019
0.0,-0.009681689573826941,Test,T150610-2019,C,2019
0.0,-0.0035507845312183475,Test,T150611-2019,C,2019
0.0,0.005668882212884642,Test,T150612-2019,C,2019
0.0,-0.002211212748459649,Test,T150613-2019,C,2019
0.0,-0.009130177307770057,Test,T150614-2019,C,2019
0.0,0.011842849914114205,Test,T150602-2019,C,2019
0.0,0.014693935748198703,Test,T150603-2019,C,2019
0.0,-0.015535207502030421,Test,T150604-2019,C,2019
0.0,0.004962388392855444,Test,T150605-2019,C,2019
0.0,-0.004373214787963263,Test,T150606-2019,C,2019
0.0,-0.012033048272595218,Test,T150607-2019,C,2019
0.0,-0.0028985765338136785,Test,T150608-2019,C,2019
0.0,-0.006441932567615937,Test,T150701-2019,C,2019
0.0,0.0024305910550499964,Test,T150702-2019,C,2019
0.0,-0.0074208848030437565,Test,T150703-2019,C,2019
0.0,-0.01620174303404527,Test,T150704-2019,C,2019
0.0,-0.012874759850216438,Test,T150705-2019,C,2019
0.0,0.0022692135750958906,Test,T160101-2019,C,2019
0.0,-0.0027247472253658406,Test,T160110-2019,C,2019
0.0,0.009476014529939271,Test,T160111-2019,C,2019
0.0,-0.0045916401692215735,Test,T160112-2019,C,2019
0.0,0.008566002243760997,Test,T160114-2019,C,2019
0.0,-0.009557103679549123,Test,T160117-2019,C,2019
0.0,0.01762448806512954,Test,T160118-2019,C,2019
0.0,0.00850537228501818,Test,T160119-2019,C,2019
0.0,0.007504440344569975,Test,T160120-2019,C,2019
0.0,0.0010847611239241518,Test,T160121-2019,C,2019
0.0,-0.0156599645666896,Test,T160122-2019,C,2019
0.0,-0.009574601431553243,Test,T160123-2019,C,2019
0.0,-0.007969881163184485,Test,T160124-2019,C,2019
0.0,0.00516125105271332,Test,T160125-2019,C,2019
0.0,-0.0032803869148594184,Test,T160104-2019,C,2019
0.0,-0.023029978956152785,Test,T160107-2019,C,2019
0.0,0.03290812498056619,Test,T160108-2019,C,2019
0.0,0.03375527510509355,Test,T160501-2019,C,2019
0.0,-0.00937666243667926,Test,T160510-2019,C,2019
0.0,-0.005025538305631705,Test,T160511-2019,C,2019
0.0,0.031031472174698142,Test,T160502-2019,C,2019
0.0,-0.010039136239894018,Test,T160503-2019,C,2019
0.0,-0.0016113765050676224,Test,T160504-2019,C,2019
0.0,0.002060175474560163,Test,T160505-2019,C,2019
0.0,-0.011407966223443713,Test,T160506-2019,C,2019
0.0,-0.007753994828717494,Test,T160507-2019,C,2019
0.0,0.00039663430852614353,Test,T160508-2019,C,2019
0.0,0.03017650727371308,Test,T160509-2019,C,2019
0.0,-0.004004275343021339,Test,T160601-2019,C,2019
0.0,0.011439374231496694,Test,T160611-2019,C,2019
0.0,0.001861700363561294,Test,T160612-2019,C,2019
0.0,-0.007660856765838467,Test,T160613-2019,C,2019
0.0,-0.008508793758392624,Test,T160617-2019,C,2019
0.0,-0.009768240730392886,Test,T160618-2019,C,2019
0.0,-0.011305373906436779,Test,T160602-2019,C,2019
0.0,-0.013209617456175797,Test,T160620-2019,C,2019
0.0,-0.00976322893451866,Test,T160621-2019,C,2019
0.0,-0.00899004091644218,Test,T160622-2019,C,2019
0.0,-0.0035080685024416343,Test,T160603-2019,C,2019
0.0,-0.006094029916976663,Test,T160605-2019,C,2019
0.0,-0.01980792208509462,Test,T160606-2019,C,2019
0.0,0.05192833729914277,Test,T160607-2019,C,2019
0.0,-0.002674002722448698,Test,T160608-2019,C,2019
0.0,-0.015282858316935615,Test,T160609-2019,C,2019
0.0,-0.005017739533458242,Test,T170102-2019,C,2019
0.0,0.07720815570487709,Test,T170103-2019,C,2019
0.0,-0.0013863858492921897,Test,T170104-2019,C,2019
0.0,0.01198684283609293,Test,T170105-2019,C,2019
0.0,0.009715514582306599,Test,T170106-2019,C,2019
0.0,0.025071261880254193,Test,T170107-2019,C,2019
0.0,0.022770169020474636,Test,T170108-2019,C,2019
0.0,0.0045434086520879415,Test,T170201-2019,C,2019
0.0,-0.0005451267174164512,Test,T170202-2019,C,2019
0.0,0.028831473721273742,Test,T170203-2019,C,2019
0.0,0.026533895182933278,Test,T170204-2019,C,2019
0.0,0.016702798158600027,Test,T170205-2019,C,2019
0.0,0.013247092155181496,Test,T170206-2019,C,2019
0.0,0.009776534472152869,Test,T170207-2019,C,2019
0.0,0.02647373701967598,Test,T170208-2019,C,2019
0.0,0.01240310452991105,Test,T170301-2019,C,2019
0.0,0.012052707688392617,Test,T170302-2019,C,2019
0.0,-0.010017666004484609,Test,T170303-2019,C,2019
0.0,0.007814693763010808,Test,T170304-2019,C,2019
0.0,0.0017369075522626455,Test,T170305-2019,C,2019
0.0,0.02601449217966917,Test,T170306-2019,C,2019
0.0,-0.0004291327485357047,Test,T170401-2019,C,2019
0.0,-0.004606451124676659,Test,T170402-2019,C,2019
0.0,-0.01661447515740973,Test,T170403-2019,C,2019
0.0,0.002300050265815125,Test,T170404-2019,C,2019
0.0,-0.003956838288368291,Test,T170405-2019,C,2019
0.0,0.01929351755984123,Test,T170406-2019,C,2019
0.0,-0.011569408077613141,Test,T170407-2019,C,2019
0.0,0.0041518418935447485,Test,T170501-2019,C,2019
0.0,0.001570773622726812,Test,T170502-2019,C,2019
0.0,0.001805245419710458,Test,T170503-2019,C,2019
0.0,-0.005318368438579598,Test,T170504-2019,C,2019
0.0,-0.006007516591300652,Test,T170601-2019,C,2019
0.0,0.032743885898533935,Test,T170610-2019,C,2019
0.0,0.010960250315630892,Test,T170602-2019,C,2019
0.0,0.01774072005105918,Test,T170603-2019,C,2019
0.0,0.015083849654495675,Test,T170604-2019,C,2019
0.0,0.02136999506660412,Test,T170605-2019,C,2019
0.0,0.008245393119491748,Test,T170606-2019,C,2019
0.0,0.05566265529685235,Test,T170607-2019,C,2019
0.0,0.0011795804715131828,Test,T170608-2019,C,2019
0.0,0.008881745367820349,Test,T170609-2019,C,2019
0.0,0.0033014487159263874,Test,T180102-2019,C,2019
0.0,0.018380394387294025,Test,T180103-2019,C,2019
0.0,0.014172401220234625,Test,T180104-2019,C,2019
0.0,0.009721416358690463,Test,T180105-2019,C,2019
0.0,0.027467294722088857,Test,T180106-2019,C,2019
0.0,0.02814649023674971,Test,T180107-2019,C,2019
0.0,-0.0036063220506830293,Test,T180108-2019,C,2019
0.0,0.02142973944507459,Test,T180109-2019,C,2019
0.0,0.02371204883652481,Test,T180201-2019,C,2019
0.0,0.027422134271838084,Test,T180202-2019,C,2019
0.0,0.03688275871578326,Test,T180203-2019,C,2019
0.0,0.017886361337539094,Test,T180204-2019,C,2019
0.0,0.013567291424212938,Test,T180205-2019,C,2019
0.0,0.01045594135169631,Test,T180207-2019,C,2019
0.0,0.022040236397468615,Test,T180302-2019,C,2019
0.0,0.005131375967788206,Test,T180303-2019,C,2019
0.0,0.04191942301647261,Test,T180401-2019,C,2019
0.0,0.004814207179296232,Test,T180402-2019,C,2019
0.0,0.005270489773812314,Test,T180403-2019,C,2019
0.0,0.016780286366526415,Test,T180404-2019,C,2019
0.0,0.015395830130257495,Test,T180405-2019,C,2019
0.0,0.0023518711475303536,Test,T180406-2019,C,2019
0.0,0.01946391309132666,Test,T180407-2019,C,2019
0.0,0.013935458018212762,Test,T180501-2019,C,2019
0.0,-0.0020004899510544616,Test,T180502-2019,C,2019
0.0,0.016376986975645942,Test,T180503-2019,C,2019
0.0,0.021644594893616403,Test,T180504-2019,C,2019
0.0,-0.00046487390262639375,Test,T180505-2019,C,2019
0.0,0.004663869892481749,Test,T180506-2019,C,2019
0.0,0.006251935866729224,Test,T180507-2019,C,2019
0.0,0.02686284138741212,Test,T180508-2019,C,2019
0.0,0.05170575198434112,Test,T180601-2019,C,2019
0.0,-0.010242524135340788,Test,T180611-2019,C,2019
0.0,-0.0032782568688186093,Test,T180602-2019,C,2019
0.0,-0.0064147473699614705,Test,T180606-2019,C,2019
0.0,0.002263579542454052,Test,T180607-2019,C,2019
0.0,-0.0016014759017529945,Test,T180608-2019,C,2019
0.0,0.017573705806471225,Test,T191012-2019,C,2019
0.0,0.030886594424969993,Test,T191007-2019,C,2019
0.0,0.07185211641719795,Test,T190301-2019,C,2019
0.0,0.00017255677509874921,Test,T190314-2019,C,2019
0.0,0.0010288628221668398,Test,T190317-2019,C,2019
0.0,0.00130987342478263,Test,T190318-2019,C,2019
0.0,-0.005767705147852853,Test,T190302-2019,C,2019
0.0,-0.012149471268455845,Test,T190303-2019,C,2019
0.0,0.011804811307089274,Test,T190304-2019,C,2019
0.0,-0.0001659401399716309,Test,T190307-2019,C,2019
0.0,0.010504954827365449,Test,T190401-2019,C,2019
0.0,0.025889702753436,Test,T190505-2019,C,2019
0.0,0.0005046653569825013,Test,T190601-2019,C,2019
0.0,0.03284294080045043,Test,T190602-2019,C,2019
0.0,-0.002429444933576704,Test,T190603-2019,C,2019
0.0,0.00044521063753455783,Test,T190604-2019,C,2019
0.0,0.03352999261990716,Test,T190605-2019,C,2019
0.0,-0.0026986921138851426,Test,T190606-2019,C,2019
0.0,-0.027517966801860645,Test,T190607-2019,C,2019
0.0,-0.0032954449024418914,Test,T190701-2019,C,2019
0.0,-0.01061191707502147,Test,T190702-2019,C,2019
0.0,-0.0022781339192577436,Test,T190703-2019,C,2019
0.0,-0.002509735738224198,Test,T190704-2019,C,2019
0.0,-0.008970142799651828,Test,T190801-2019,C,2019
0.0,-0.005671010725024515,Test,T190802-2019,C,2019
0.0,-0.0032377160720915964,Test,T190803-2019,C,2019
0.0,-0.020863497002525804,Test,T190804-2019,C,2019
0.0,0.028693134694816404,Test,T200401-2019,C,2019
0.0,0.007895940492670072,Test,T200501-2019,C,2019
0.0,0.0007600500050291228,Test,T200611-2019,C,2019
0.0,0.0029893863472561827,Test,T200618-2019,C,2019
0.0,0.0017610035954852016,Test,T200602-2019,C,2019
0.0,0.019303061350955546,Test,T200620-2019,C,2019
0.0,-0.0033183023428555994,Test,T200621-2019,C,2019
0.0,-0.007917771884287626,Test,T200603-2019,C,2019
0.0,0.002584790721715136,Test,T200608-2019,C,2019
0.0,-0.002956873970535571,Test,T240110-2019,C,2019
0.0,-0.007212222671522857,Test,T240111-2019,C,2019
0.0,-0.009447535359953954,Test,T240112-2019,C,2019
0.0,0.013731821038448123,Test,T240114-2019,C,2019
0.0,-0.001825256442109039,Test,T240115-2019,C,2019
0.0,0.009796793534515,Test,T240116-2019,C,2019
0.0,0.003241619783542298,Test,T240117-2019,C,2019
0.0,-0.001133367649599264,Test,T240118-2019,C,2019
0.0,0.023768059441779153,Test,T240119-2019,C,2019
0.0,0.021547170137362456,Test,T240102-2019,C,2019
0.0,0.032504972430184895,Test,T240108-2019,C,2019
0.0,0.039291159720006935,Test,T240109-2019,C,2019
0.0,0.00635949587135684,Test,T241101-2019,C,2019
0.0,0.010509693498987234,Test,T241102-2019,C,2019
0.0,-0.0025124367624402106,Test,T241103-2019,C,2019
0.0,-0.014423971087204206,Test,T241104-2019,C,2019
0.0,-0.004855660682093192,Test,T241105-2019,C,2019
0.0,-0.0038895607992055093,Test,T240210-2019,C,2019
0.0,0.01827847981144704,Test,T240212-2019,C,2019
0.0,0.039122258437620426,Test,T240213-2019,C,2019
0.0,0.038257978901807904,Test,T240214-2019,C,2019
0.0,0.001535173478066005,Test,T240204-2019,C,2019
0.0,-0.013170690130878326,Test,T240208-2019,C,2019
0.0,0.03125128133813748,Test,T240209-2019,C,2019
0.0,-0.006177205612081732,Test,T240301-2019,C,2019
0.0,-0.009437840701085191,Test,T240310-2019,C,2019
0.0,-0.006454512901916161,Test,T240302-2019,C,2019
0.0,-0.005856444519628277,Test,T240303-2019,C,2019
0.0,-0.0012557426433673882,Test,T240304-2019,C,2019
0.0,0.0033676344512843844,Test,T240305-2019,C,2019
0.0,0.01224256385822179,Test,T240306-2019,C,2019
0.0,-0.013239022319739497,Test,T240307-2019,C,2019
0.0,0.0054787966293887045,Test,T240308-2019,C,2019
0.0,-0.0006315486103501628,Test,T240309-2019,C,2019
0.0,0.030090754046289216,Test,T240411-2019,C,2019
0.0,-0.0006097089904156164,Test,T240403-2019,C,2019
0.0,-0.002135775150920744,Test,T240408-2019,C,2019
0.0,0.019418621438837543,Test,T240409-2019,C,2019
0.0,0.021300611523899147,Test,T240501-2019,C,2019
0.0,-0.0036446631009377775,Test,T240510-2019,C,2019
0.0,-0.010348722232912331,Test,T240511-2019,C,2019
0.0,0.010844876749093652,Test,T240512-2019,C,2019
0.0,0.0158481439456384,Test,T240513-2019,C,2019
0.0,0.03562673497103678,Test,T240514-2019,C,2019
0.0,0.005960333455325265,Test,T240516-2019,C,2019
0.0,0.03744213297459897,Test,T240517-2019,C,2019
0.0,-0.0005117953135202394,Test,T240502-2019,C,2019
0.0,0.008896897412952168,Test,T240503-2019,C,2019
0.0,-0.009771215154580421,Test,T240504-2019,C,2019
0.0,0.004580622912285959,Test,T240505-2019,C,2019
0.0,0.005617602974578574,Test,T240506-2019,C,2019
0.0,0.011216625377616146,Test,T240507-2019,C,2019
0.0,-0.0016257691492338302,Test,T240508-2019,C,2019
0.0,-0.009396332381904408,Test,T240509-2019,C,2019
0.0,0.0590358893276103,Test,T240601-2019,C,2019
0.0,0.015020761054533299,Test,T240602-2019,C,2019
0.0,-0.013940610429045085,Test,T240604-2019,C,2019
0.0,-0.007543289693051393,Test,T240605-2019,C,2019
0.0,-0.014236812064996121,Test,T240606-2019,C,2019
0.0,-0.010327245298216789,Test,T240607-2019,C,2019
0.0,-0.013071599752871923,Test,T240701-2019,C,2019
0.0,0.003354154681685844,Test,T240702-2019,C,2019
0.0,-0.001065741495826328,Test,T240703-2019,C,2019
0.0,-0.01081418445650294,Test,T250104-2019,C,2019
0.0,-0.0038201882195975046,Test,T250602-2019,C,2019
0.0,-0.01345737072908547,Test,T250603-2019,C,2019
0.0,-0.006254875207823176,Test,T250604-2019,C,2019
0.0,-0.012679432747002822,Test,T250605-2019,C,2019
0.0,-1.2811119431899198e-05,Test,T250606-2019,C,2019
0.0,0.12359284416101361,Test,T250607-2019,C,2019
0.0,0.015577706943346458,Test,T250608-2019,C,2019
0.0,0.026622499052028757,Test,T250609-2019,C,2019
0.0,-0.020098087079877015,Test,T250806-2019,C,2019
0.0,-0.017534947411394896,Test,T250809-2019,C,2019
0.0,0.0019020246650135741,Test,T250901-2019,C,2019
0.0,0.03475813635214306,Test,T250903-2019,C,2019
0.0,-0.014176518456662087,Test,T250904-2019,C,2019
0.0,0.009044043442509244,Test,T260102-2019,C,2019
0.0,0.0031179239447192177,Test,T260305-2019,C,2019
0.0,-0.004303823563638119,Test,T260401-2019,C,2019
0.0,-0.0016075594549885984,Test,T260410-2019,C,2019
0.0,-0.0055318648445392355,Test,T260411-2019,C,2019
0.0,-0.011327561252760177,Test,T260402-2019,C,2019
0.0,-0.01906839906520845,Test,T260403-2019,C,2019
0.0,0.012130604689056721,Test,T260405-2019,C,2019
0.0,-0.006837161122987453,Test,T260406-2019,C,2019
0.0,-0.007348647674499039,Test,T260408-2019,C,2019
0.0,-0.006732973526915171,Test,T260409-2019,C,2019
0.0,-0.017703618457897273,Test,T700406-2019,C,2019
0.0045296167247386,0.039159847867330226,Test,T700602-2019,C,2019
0.0,0.010064442998516726,Test,T700607-2019,C,2019
0.0,0.0010441428708588437,Test,T710203-2019,C,2019
0.0,0.0020378115539073523,Test,T720110-2019,C,2019
0.0,0.011087406144481166,Test,T720111-2019,C,2019
0.0,-0.00665431448585103,Test,T720112-2019,C,2019
0.0,0.04648250554835401,Test,T720113-2019,C,2019
0.0,-0.0016463160918664,Test,T720114-2019,C,2019
0.0,-0.00020716407978654447,Test,T720115-2019,C,2019
0.0,0.03986203280321607,Test,T720116-2019,C,2019
0.0,-0.001084484331487626,Test,T720117-2019,C,2019
0.0,-0.001878220419112035,Test,T720118-2019,C,2019
0.0,-0.0017242157336530757,Test,T720119-2019,C,2019
0.0,0.0021359228678479837,Test,T720102-2019,C,2019
0.0,0.011654009980572594,Test,T720120-2019,C,2019
0.0,0.004945558990312005,Test,T720103-2019,C,2019
0.0,-0.0017080795833892433,Test,T720104-2019,C,2019
0.0,-0.013162532295153271,Test,T720105-2019,C,2019
0.0,-0.0006624729101597658,Test,T720106-2019,C,2019
0.0,-0.015837714566112635,Test,T720107-2019,C,2019
0.0,-0.020678873747263245,Test,T720108-2019,C,2019
0.0,0.009033671920711812,Test,T720109-2019,C,2019
0.0,0.01296493892318393,Test,T720201-2019,C,2019
0.0,0.030800328895312565,Test,T720213-2019,C,2019
0.0,0.04184243334967955,Test,T720202-2019,C,2019
0.0,0.014686864215084203,Test,T720203-2019,C,2019
0.0,0.016464356433965748,Test,T720204-2019,C,2019
0.0,0.04111690583556431,Test,T720205-2019,C,2019
0.0,0.01963910810240363,Test,T720206-2019,C,2019
0.0,-0.0021978355430887966,Test,T720207-2019,C,2019
0.0,0.01330594060953247,Test,T720208-2019,C,2019
0.0,0.0348687537878391,Test,T720305-2019,C,2019
0.0,0.011678917568802554,Test,T720307-2019,C,2019
0.0,-0.0030532466928074042,Test,T720401-2019,C,2019
0.0,-0.007459717197632438,Test,T720410-2019,C,2019
0.0,-0.008921717224687346,Test,T720411-2019,C,2019
0.0,-0.012006169582552361,Test,T720412-2019,C,2019
0.0,0.003871911097511977,Test,T720413-2019,C,2019
0.0,-0.012035551549300525,Test,T720414-2019,C,2019
0.0,-0.0011126412094858797,Test,T720402-2019,C,2019
0.0,-0.001305753423358334,Test,T720403-2019,C,2019
0.0,9.361968082839401e-05,Test,T720404-2019,C,2019
0.0,-0.004597393501263547,Test,T720405-2019,C,2019
0.0,0.004368591036488318,Test,T720406-2019,C,2019
0.0,0.002518450035051699,Test,T720407-2019,C,2019
0.0,-0.005418037131570906,Test,T720408-2019,C,2019
0.0,0.0006713566309188355,Test,T720409-2019,C,2019
0.0,0.010289719060952083,Test,T720501-2019,C,2019
0.0,0.011054130176383393,Test,T720502-2019,C,2019
0.0,-0.022947221208909567,Test,T720503-2019,C,2019
0.0,0.006789720096103781,Test,T720504-2019,C,2019
0.0,0.0009247433160874394,Test,T720505-2019,C,2019
0.0,0.02247833262418737,Test,T720506-2019,C,2019
0.0,0.010063432338819747,Test,T720507-2019,C,2019
0.0,0.012529334283963993,Test,T720508-2019,C,2019
0.0,-0.00341147684184329,Test,T720509-2019,C,2019
0.0,-0.0052666427027686915,Test,T720601-2019,C,2019
0.0,-0.004833066312116428,Test,T720602-2019,C,2019
0.0,0.0017118708276388644,Test,T720603-2019,C,2019
0.0,-0.014891892253861427,Test,T720701-2019,C,2019
0.0,0.002944021453360494,Test,T720710-2019,C,2019
0.0,-0.00011194601129434727,Test,T720711-2019,C,2019
0.0,-0.01013728128016846,Test,T720712-2019,C,2019
0.0,-0.019906670544843533,Test,T720713-2019,C,2019
0.0,-9.377128432500411e-05,Test,T720714-2019,C,2019
0.0,0.00043471905061431403,Test,T720715-2019,C,2019
0.0,-0.00993666675092718,Test,T720702-2019,C,2019
0.0,-0.005973071285599938,Test,T720703-2019,C,2019
0.0,-0.007468019236051785,Test,T720704-2019,C,2019
0.0,-0.004033010890180726,Test,T720705-2019,C,2019
0.0,-0.0046190423455937935,Test,T720706-2019,C,2019
0.0,-0.014526888560768971,Test,T720707-2019,C,2019
0.0,-0.008709650123244374,Test,T720708-2019,C,2019
0.0,-0.0050678905533059135,Test,T720709-2019,C,2019
0.0,0.002735644332336756,Test,T720801-2019,C,2019
0.0,0.019861111497113688,Test,T720802-2019,C,2019
0.0,0.019041146676993453,Test,T720803-2019,C,2019
0.0,0.005391969264035075,Test,T720804-2019,C,2019
0.0,0.007995319407315276,Test,T720805-2019,C,2019
0.0,0.0027947604129753734,Test,T720807-2019,C,2019
0.0,-0.011186088143795342,Test,T720901-2019,C,2019
0.0,-0.0035463809561535856,Test,T720911-2019,C,2019
0.0,-0.01065693239659114,Test,T720912-2019,C,2019
0.0,0.03600362871567173,Test,T720913-2019,C,2019
0.0,0.0012884904483002892,Test,T720902-2019,C,2019
0.0,-0.001583195671092079,Test,T720904-2019,C,2019
0.0,-0.014082307185198224,Test,T720905-2019,C,2019
0.0,-0.007927158678127596,Test,T720906-2019,C,2019
0.0,-0.01320024590052676,Test,T720907-2019,C,2019
0.0,0.03199342668833641,Test,T720908-2019,C,2019
0.0,-0.0012945739987054318,Test,T720909-2019,C,2019
0.0,-0.008157516804433098,Test,T730114-2019,C,2019
0.0,-0.023827254567056238,Test,T730117-2019,C,2019
0.0,0.02438141065612273,Test,T730102-2019,C,2019
0.0,0.016810095263556053,Test,T730120-2019,C,2019
0.0,0.014369299948642366,Test,T730121-2019,C,2019
0.0,-0.01069316107150231,Test,T730123-2019,C,2019
0.0,0.011580987653225476,Test,T730107-2019,C,2019
0.0,0.01325220415105554,Test,T730108-2019,C,2019
0.0,-0.005855001281318242,Test,T730211-2019,C,2019
0.0,-0.0078046975888218335,Test,T730215-2019,C,2019
0.0,-0.00921632606518679,Test,T730202-2019,C,2019
0.0,-0.0005793566101684539,Test,T730209-2019,C,2019
0.0,0.067232542133518,Test,T730311-2019,C,2019
0.0,-0.0030056041681840876,Test,T730312-2019,C,2019
0.0,0.006803783202895622,Test,T730313-2019,C,2019
0.0,-2.4831912001375847e-05,Test,T730314-2019,C,2019
0.0,-0.004302480436305823,Test,T730315-2019,C,2019
0.0,-0.01393414705730432,Test,T730316-2019,C,2019
0.0,0.00399609824983897,Test,T730317-2019,C,2019
0.0,0.0057871997235245266,Test,T730318-2019,C,2019
0.0,0.004298858566246597,Test,T730319-2019,C,2019
0.0,-0.004132547460803304,Test,T730320-2019,C,2019
0.0,0.0025488103031983244,Test,T730321-2019,C,2019
0.0,0.014580612850538549,Test,T730322-2019,C,2019
0.0,0.006707415565772877,Test,T730323-2019,C,2019
0.0,0.012245283044500397,Test,T730324-2019,C,2019
0.0,0.011859605547971361,Test,T730303-2019,C,2019
0.0,0.043523139123308206,Test,T730304-2019,C,2019
0.0,0.05283627125372306,Test,T730305-2019,C,2019
0.0,0.021428656063402534,Test,T730307-2019,C,2019
0.0,0.020785281828859213,Test,T730308-2019,C,2019
0.0,0.014311539934486592,Test,T730309-2019,C,2019
0.0,-0.005663826095772803,Test,T730401-2019,C,2019
0.0,0.012414196201195205,Test,T730402-2019,C,2019
0.0,-0.0012273561744103314,Test,T730403-2019,C,2019
0.0,0.00019920988492284973,Test,T730404-2019,C,2019
0.0,-0.0007273849620137896,Test,T730405-2019,C,2019
0.0,-0.008279917951058386,Test,T730408-2019,C,2019
0.0,-0.006223877071331647,Test,T730501-2019,C,2019
0.0,-0.009365835337299759,Test,T730510-2019,C,2019
0.0,-0.0050420480545289685,Test,T730511-2019,C,2019
0.0,-0.0032766478446679113,Test,T730512-2019,C,2019
0.0,0.004289769671484335,Test,T730513-2019,C,2019
0.0,-0.003974286789057041,Test,T730514-2019,C,2019
0.0,-0.006416905443187344,Test,T730515-2019,C,2019
0.0,-0.014071260595120509,Test,T730502-2019,C,2019
0.0,-0.00647512082949376,Test,T730503-2019,C,2019
0.0,-0.0009161377178919603,Test,T730504-2019,C,2019
0.0,-0.009148333072406735,Test,T730505-2019,C,2019
0.0,-0.007924916713808714,Test,T730506-2019,C,2019
0.0,-0.005598202297997314,Test,T730507-2019,C,2019
0.0,-0.006921301831827739,Test,T730508-2019,C,2019
0.0,-0.003155097930012162,Test,T730509-2019,C,2019
0.0,-0.0018215372572126963,Test,T730610-2019,C,2019
0.0,0.027436787799717807,Test,T730611-2019,C,2019
0.0,0.0012497810338000695,Test,T730612-2019,C,2019
0.0,0.03232184048082186,Test,T730602-2019,C,2019
0.0,0.00558839933050768,Test,T730603-2019,C,2019
0.0,-0.0049934805995644534,Test,T730604-2019,C,2019
0.0,0.01872963585317529,Test,T730605-2019,C,2019
0.0,0.00492978452201808,Test,T730608-2019,C,2019
0.0,-0.010761560059240881,Test,T730701-2019,C,2019
0.0,-0.002895937721077788,Test,T730702-2019,C,2019
0.0,0.0017776371071113505,Test,T730703-2019,C,2019
0.0,-0.007710081595826088,Test,T740115-2019,C,2019
0.0,0.018322436634436775,Test,T740210-2019,C,2019
0.0,0.03958774189893445,Test,T740203-2019,C,2019
0.0,0.016374461971441785,Test,T740207-2019,C,2019
0.0,0.00016970469993062354,Test,T740301-2019,C,2019
0.0,0.0009170906063765245,Test,T740310-2019,C,2019
0.0,0.045220406555365585,Test,T740311-2019,C,2019
0.0,0.025155563498582983,Test,T740312-2019,C,2019
0.0,0.026692610648008524,Test,T740309-2019,C,2019
0.0,0.0028611822176462212,Test,T760708-2019,C,2019
0.0,0.02901336850280659,Test,T141510-2019,C,2019
0.0,-0.007609760220030471,Test,T141512-2019,C,2019
0.0,-0.01113076898421702,Test,T141507-2019,C,2019
0.0,-0.006597590986470606,Test,T141508-2019,C,2019
0.0,-0.007066349670550803,Test,T140516-2019,C,2019
0.0,-0.005203298098921633,Test,T140610-2019,C,2019
0.0,0.008787253602037696,Test,T140615-2019,C,2019
0.0,0.03231383517000003,Test,T140604-2019,C,2019
0.0,0.0027363668070804915,Test,T140701-2019,C,2019
0.0,-0.01180363418109532,Test,T140710-2019,C,2019
0.0,-0.017059496792032596,Test,T140713-2019,C,2019
0.0,-0.005264525312217782,Test,T140714-2019,C,2019
0.0,-0.01708311860860455,Test,T140715-2019,C,2019
0.0,0.005682635566001243,Test,T140708-2019,C,2019
0.0,-0.009528020180129795,Test,T140709-2019,C,2019
0.0,-0.00811207928108882,Test,T150110-2019,C,2019
0.0,-0.011294600820434805,Test,T150111-2019,C,2019
0.0,-0.013983118001337995,Test,T150112-2019,C,2019
0.0,-0.006300283267180389,Test,T150109-2019,C,2019
0.0,0.010867191774888483,Test,T150306-2019,C,2019
0.0,0.010969320952024452,Test,T160115-2019,C,2019
0.0,0.012796963691006646,Test,T160116-2019,C,2019
0.0,-0.008353104308316582,Test,T160105-2019,C,2019
0.0,0.020189360504498044,Test,T160106-2019,C,2019
0.0,0.0739899484523663,Test,T160109-2019,C,2019
0.0,-0.010614872856324618,Test,T161001-2019,C,2019
0.0,0.04149499108975748,Test,T161002-2019,C,2019
0.0,-0.0027943779112015116,Test,T161003-2019,C,2019
0.0,0.0202846556783472,Test,T161004-2019,C,2019
0.0,0.06515241812021344,Test,T161005-2019,C,2019
0.0,0.05755714368432086,Test,T161006-2019,C,2019
0.0,0.011920842775507465,Test,T161101-2019,C,2019
0.0,0.056793753379567706,Test,T161102-2019,C,2019
0.0,0.045933066014836814,Test,T161103-2019,C,2019
0.0,-0.013388385766531216,Test,T161104-2019,C,2019
0.0,0.01675053509238767,Test,T161105-2019,C,2019
0.0,0.030442163925411665,Test,T161106-2019,C,2019
0.0,-0.015052899008197564,Test,T160201-2019,C,2019
0.0,0.05182951845272214,Test,T160204-2019,C,2019
0.0,0.07533195776376446,Test,T160205-2019,C,2019
0.0,0.009567541843278621,Test,T160206-2019,C,2019
0.0,0.01735379716666166,Test,T160207-2019,C,2019
0.0,0.010029900538823617,Test,T160301-2019,C,2019
0.0,0.004744280709204536,Test,T160310-2019,C,2019
0.0,0.006296370667627159,Test,T160318-2019,C,2019
0.0,0.05034711811484284,Test,T160302-2019,C,2019
0.0,0.02812677364430463,Test,T160320-2019,C,2019
0.0,0.01052850816847483,Test,T160322-2019,C,2019
0.0,0.027373616428503972,Test,T160303-2019,C,2019
0.0,-0.010469337235853075,Test,T160304-2019,C,2019
0.0,0.014128927676778605,Test,T160305-2019,C,2019
0.0,-0.019125587176955904,Test,T160306-2019,C,2019
0.0,0.03461030236192144,Test,T160307-2019,C,2019
0.0,0.003385503784108179,Test,T160308-2019,C,2019
0.0,0.006390291023614815,Test,T160309-2019,C,2019
0.0,0.02522853875004341,Test,T160401-2019,C,2019
0.0,0.05278576970591133,Test,T160410-2019,C,2019
0.0,0.036141432927860116,Test,T160411-2019,C,2019
0.0,0.0031673804214932726,Test,T160412-2019,C,2019
0.0,0.06795539766777285,Test,T160414-2019,C,2019
0.0,0.0004121324199236966,Test,T160417-2019,C,2019
0.0,0.015297110894168102,Test,T160418-2019,C,2019
0.0,0.06196197793913091,Test,T160402-2019,C,2019
0.0,0.012552183928876491,Test,T160422-2019,C,2019
0.0,0.046378444721916705,Test,T160403-2019,C,2019
0.0,0.044206856133881804,Test,T160404-2019,C,2019
0.0,0.020060326784786187,Test,T160405-2019,C,2019
0.0,0.0018139898807723734,Test,T160406-2019,C,2019
0.0,0.05123267311816695,Test,T160407-2019,C,2019
0.0,0.005942753786238258,Test,T160615-2019,C,2019
0.0,0.022680117084520914,Test,T160704-2019,C,2019
0.0,-0.007026444082011924,Test,T160706-2019,C,2019
0.0,0.023072504613915572,Test,T160801-2019,C,2019
0.0,-0.008517469586647144,Test,T160802-2019,C,2019
0.0,0.030925106976620292,Test,T160803-2019,C,2019
0.0,0.012836333965408904,Test,T160804-2019,C,2019
0.0,0.017019972970209598,Test,T160805-2019,C,2019
0.0,0.002901383279549809,Test,T160901-2019,C,2019
0.0,0.02953817650388131,Test,T160902-2019,C,2019
0.0,-0.004650143416551936,Test,T160903-2019,C,2019
0.0,-0.003764367286491695,Test,T160904-2019,C,2019
0.0,0.00956126765623887,Test,T160905-2019,C,2019
0.0,0.004483720565805683,Test,T180605-2019,C,2019
0.0,0.016464684702304812,Test,T180609-2019,C,2019
0.0,0.007072863713913781,Test,T180802-2019,C,2019
0.0,-0.0027333862226590257,Test,T180803-2019,C,2019
0.0,0.031110755114999535,Test,T190101-2019,C,2019
0.0,0.011294657301273063,Test,T190110-2019,C,2019
0.0,0.06074622809413142,Test,T190113-2019,C,2019
0.0,0.045636940239847594,Test,T191201-2019,C,2019
0.0,-0.012401384245436051,Test,T190210-2019,C,2019
0.0,0.04758454188688482,Test,T190206-2019,C,2019
0.0,0.007218194521224073,Test,T190207-2019,C,2019
0.0,0.020507913279882873,Test,T190208-2019,C,2019
0.0,-0.01736216945721534,Test,T190209-2019,C,2019
0.0,0.039732061834218485,Test,T190904-2019,C,2019
0.0,0.02585049110213207,Test,T190908-2019,C,2019
0.0,0.015191706845847126,Test,T190909-2019,C,2019
0.0,0.055969025813302015,Test,T200106-2019,C,2019
0.0,0.019592670223443676,Test,T201001-2019,C,2019
0.0,-0.004635960384324783,Test,T201002-2019,C,2019
0.0,0.09296009691547802,Test,T201003-2019,C,2019
0.0,0.016042691674411386,Test,T201004-2019,C,2019
0.0,-0.00649688112142452,Test,T201101-2019,C,2019
0.0,0.005161483621237345,Test,T200201-2019,C,2019
0.0,-0.005236646434838313,Test,T200202-2019,C,2019
0.0,0.01410199136685601,Test,T200203-2019,C,2019
0.0,0.03281394062996075,Test,T200204-2019,C,2019
0.0,0.019360005186426724,Test,T200205-2019,C,2019
0.0,0.02669640934136791,Test,T200206-2019,C,2019
0.0,0.011141361749241343,Test,T200207-2019,C,2019
0.0,0.03172615454387142,Test,T200304-2019,C,2019
0.0,0.03397427789237517,Test,T200403-2019,C,2019
0.0,0.0398173505108984,Test,T200406-2019,C,2019
0.0,-0.0041831372510558636,Test,T200407-2019,C,2019
0.0,0.002677423787998582,Test,T200502-2019,C,2019
0.0,0.013355310379386079,Test,T200503-2019,C,2019
0.0,0.008335790961805086,Test,T200504-2019,C,2019
0.0,0.04834445747462892,Test,T200505-2019,C,2019
0.0,0.01698349227527811,Test,T200506-2019,C,2019
0.0,-0.004257617025793342,Test,T200610-2019,C,2019
0.0,-0.0028962692117645112,Test,T200613-2019,C,2019
0.0,0.008440802206083554,Test,T200614-2019,C,2019
0.0,-0.002218371292908634,Test,T200616-2019,C,2019
0.0,0.023524501276039132,Test,T200604-2019,C,2019
0.0,0.0076507541265735035,Test,T200607-2019,C,2019
0.0,0.0023037970584673783,Test,T200609-2019,C,2019
0.0,0.00852391433727066,Test,T200704-2019,C,2019
0.0,-0.009486318585422817,Test,T200705-2019,C,2019
0.0,0.0343466051237978,Test,T200706-2019,C,2019
0.0,-0.004305747456297899,Test,T200707-2019,C,2019
0.0,0.06888584314507576,Test,T210103-2019,C,2019
0.0,0.019484412838494395,Test,T210105-2019,C,2019
0.0,0.036969051659899464,Test,T210106-2019,C,2019
0.0,0.04788276778343458,Test,T210301-2019,C,2019
0.0,0.06288773524359342,Test,T210310-2019,C,2019
0.0,0.0634501828228438,Test,T210311-2019,C,2019
0.0,0.030991619153336314,Test,T210312-2019,C,2019
0.0,-0.006041830905781592,Test,T210302-2019,C,2019
0.0,0.012381366298553145,Test,T210303-2019,C,2019
0.0,0.002440129543398344,Test,T210306-2019,C,2019
0.0,-0.011836540697926496,Test,T210307-2019,C,2019
0.0,0.012521827633354007,Test,T210308-2019,C,2019
0.0,0.005474500973303985,Test,T210309-2019,C,2019
0.0,0.017288505526910646,Test,T210402-2019,C,2019
0.0,0.0076971856854843,Test,T210505-2019,C,2019
0.0,0.1449688015724629,Test,T220110-2019,C,2019
0.0,-0.0013441548904630507,Test,T220111-2019,C,2019
0.0,0.11688112809158485,Test,T220103-2019,C,2019
0.0,0.08234486387570666,Test,T220104-2019,C,2019
0.0,0.08404199173372713,Test,T220105-2019,C,2019
0.0,0.06124620946946197,Test,T220108-2019,C,2019
0.0,0.023066316300053073,Test,T221003-2019,C,2019
0.0,-0.020439835891644043,Test,T221005-2019,C,2019
0.0,0.08276712924164342,Test,T220202-2019,C,2019
0.0,0.01910081316007868,Test,T220203-2019,C,2019
0.0,0.09266349403922107,Test,T220204-2019,C,2019
0.0,0.10243308344434536,Test,T220206-2019,C,2019
0.0,0.0023313172470956632,Test,T220311-2019,C,2019
0.0,0.02297538492365,Test,T220312-2019,C,2019
0.0,0.0162651253517448,Test,T220313-2019,C,2019
0.0,0.031227972160814306,Test,T220308-2019,C,2019
0.0,0.03893190729513712,Test,T220404-2019,C,2019
0.0,-0.011662784456933303,Test,T220409-2019,C,2019
0.0,0.015849394998373848,Test,T220503-2019,C,2019
0.0,0.045538721334501,Test,T220504-2019,C,2019
0.0,0.05626315816577927,Test,T220602-2019,C,2019
0.0,0.03661458836476254,Test,T220603-2019,C,2019
0.0,0.051701591518734054,Test,T220605-2019,C,2019
0.0,0.06737818166916142,Test,T220606-2019,C,2019
0.0,0.025866828037856424,Test,T220702-2019,C,2019
0.0,0.05067507258744397,Test,T220703-2019,C,2019
0.0,-0.005637220377917102,Test,T220704-2019,C,2019
0.0,0.010519161211152947,Test,T220705-2019,C,2019
0.0,0.03193887712172384,Test,T220801-2019,C,2019
0.0,0.011878735295554745,Test,T220802-2019,C,2019
0.0,0.016250024572432072,Test,T220803-2019,C,2019
0.0,0.03323149385330888,Test,T220901-2019,C,2019
0.0,0.02739925970245578,Test,T220902-2019,C,2019
0.0,0.07432662243182817,Test,T220903-2019,C,2019
0.0,0.03134993766299618,Test,T220904-2019,C,2019
0.0,0.09231956932137678,Test,T220905-2019,C,2019
0.0,0.04455076976577162,Test,T220906-2019,C,2019
0.0,0.06386166088864612,Test,T230110-2019,C,2019
0.0508982035928143,0.03790210980424642,Test,T230111-2019,C,2019
0.0061330880098129,0.023047739661640657,Test,T230112-2019,C,2019
0.0,-0.009994017266755494,Test,T230113-2019,C,2019
0.0,0.08926790627152621,Test,T230114-2019,C,2019
0.0,0.044721818147056246,Test,T230102-2019,C,2019
0.0,0.015213386552363196,Test,T230103-2019,C,2019
0.0,0.026062177688062252,Test,T230107-2019,C,2019
0.0,0.05648658417506534,Test,T230108-2019,C,2019
0.0,0.046727416658880104,Test,T230109-2019,C,2019
0.0,0.06973687024118583,Test,T230202-2019,C,2019
0.0,0.027446405313616386,Test,T230302-2019,C,2019
0.0,0.07080967521237816,Test,T230306-2019,C,2019
0.0,0.01710642656496457,Test,T230402-2019,C,2019
0.0,0.026559505832389346,Test,T230403-2019,C,2019
0.0,0.027628429998927895,Test,T230405-2019,C,2019
0.0,0.0505358202804063,Test,T230502-2019,C,2019
0.0,0.062070827702347765,Test,T230503-2019,C,2019
0.0,0.06873604236156693,Test,T230507-2019,C,2019
0.0,-0.003205741412619255,Test,T241001-2019,C,2019
0.0,-0.01073746712940056,Test,T241002-2019,C,2019
0.0,0.0011037715063402847,Test,T240603-2019,C,2019
0.0,0.012352147793666605,Test,T240608-2019,C,2019
0.0,-0.0006900592306730284,Test,T240801-2019,C,2019
0.0,0.11400080307190065,Test,T240802-2019,C,2019
0.0,0.0908786249857275,Test,T240803-2019,C,2019
0.0,0.019877325711230028,Test,T240805-2019,C,2019
0.0,-0.006010243669323898,Test,T240901-2019,C,2019
0.0,0.03964560954929661,Test,T240902-2019,C,2019
0.0,-0.004408194724654718,Test,T240903-2019,C,2019
0.0,-0.015086696000181296,Test,T240904-2019,C,2019
0.0,0.051256394297795105,Test,T250101-2019,C,2019
0.0,-0.024625266187914767,Test,T250110-2019,C,2019
0.0,-0.037277019635023084,Test,T250111-2019,C,2019
0.0,-0.03323540892707576,Test,T250112-2019,C,2019
0.0,-0.026833755862564534,Test,T250113-2019,C,2019
0.0,-0.03694631430273969,Test,T250102-2019,C,2019
0.0,-0.017047147635390798,Test,T250103-2019,C,2019
0.0,-0.012775833324564246,Test,T250105-2019,C,2019
0.0,-0.032430474105356835,Test,T250106-2019,C,2019
0.0,-0.03575723510981345,Test,T250107-2019,C,2019
0.0,0.022568513514235177,Test,T250108-2019,C,2019
0.0,0.013874289148067315,Test,T250109-2019,C,2019
0.0,0.009996641602035745,Test,T250201-2019,C,2019
0.0,-0.005559582985031273,Test,T250210-2019,C,2019
0.0,-0.016089710798685198,Test,T250211-2019,C,2019
0.0,0.012292882938015458,Test,T250212-2019,C,2019
0.0,0.03471755042573018,Test,T250213-2019,C,2019
0.0,0.014260875244975912,Test,T250214-2019,C,2019
0.0,0.011848770029973232,Test,T250202-2019,C,2019
0.0,-0.01729767996792008,Test,T250203-2019,C,2019
0.0,0.007859976544545363,Test,T250204-2019,C,2019
0.0,0.02747123781714823,Test,T250205-2019,C,2019
0.0,0.013814702405483313,Test,T250206-2019,C,2019
0.0,-0.004732749452638902,Test,T250207-2019,C,2019
0.0,0.02933997070219665,Test,T250208-2019,C,2019
0.0,-0.005394556833549924,Test,T250209-2019,C,2019
0.0,0.0035991227755692145,Test,T250301-2019,C,2019
0.0,-0.00735789966197642,Test,T250302-2019,C,2019
0.0,-0.0068940184217849265,Test,T250303-2019,C,2019
0.0,0.0020288773170254854,Test,T250304-2019,C,2019
0.0,0.009288993272314812,Test,T250305-2019,C,2019
0.0,0.009485619532770792,Test,T250306-2019,C,2019
0.0,0.005759996711474706,Test,T250601-2019,C,2019
0.0,-0.018161087065634008,Test,T250701-2019,C,2019
0.0,-0.026587172186533167,Test,T250702-2019,C,2019
0.0,-0.01713031184127045,Test,T250703-2019,C,2019
0.0,0.0009777701973415875,Test,T250704-2019,C,2019
0.0,-0.016014848269801773,Test,T250705-2019,C,2019
0.0,0.008024756240467818,Test,T250706-2019,C,2019
0.0,-0.00598545264808409,Test,T250707-2019,C,2019
0.0,0.006971259551173798,Test,T250708-2019,C,2019
0.0,-0.0065868859665684796,Test,T250709-2019,C,2019
0.0,0.007208530276673984,Test,T250801-2019,C,2019
0.0,0.05397441245366641,Test,T250810-2019,C,2019
0.0,-0.018761622930643096,Test,T250802-2019,C,2019
0.0,-0.012360980370571817,Test,T250803-2019,C,2019
0.0,0.007420889524199917,Test,T250804-2019,C,2019
0.0,-0.014985424566292382,Test,T250805-2019,C,2019
0.0,-0.01023182725995227,Test,T250807-2019,C,2019
0.0,-0.010782710722196566,Test,T250808-2019,C,2019
0.0,0.018296692001570487,Test,T250902-2019,C,2019
0.0,-0.002439314823049459,Test,T260110-2019,C,2019
0.0,0.0095419354572535,Test,T260111-2019,C,2019
0.0,-0.01860503947334562,Test,T260112-2019,C,2019
0.0,-0.012953177867219341,Test,T260113-2019,C,2019
0.0,-0.00025829878346678603,Test,T260104-2019,C,2019
0.0,-0.008000311112821316,Test,T260105-2019,C,2019
0.0,0.008449498641684974,Test,T260106-2019,C,2019
0.0,0.005820206161353616,Test,T260107-2019,C,2019
0.0,-0.009606813209922948,Test,T260108-2019,C,2019
0.0,-0.0114227517322758,Test,T260201-2019,C,2019
0.0,-0.006626036222896129,Test,T260202-2019,C,2019
0.0,-0.021943902842167372,Test,T260203-2019,C,2019
0.0,-0.016068985969313446,Test,T260204-2019,C,2019
0.0,-0.003477616374409325,Test,T260205-2019,C,2019
0.0,-0.011844979396777523,Test,T260206-2019,C,2019
0.0,0.03154724642136582,Test,T260207-2019,C,2019
0.0,-0.0059574104756818696,Test,T260310-2019,C,2019
0.0,-0.004114943006804067,Test,T260306-2019,C,2019
0.0,0.017162068080130436,Test,T260404-2019,C,2019
0.0,0.0018586555042643979,Test,T260407-2019,C,2019
0.0,0.004577628039168122,Test,T270101-2019,C,2019
0.0,0.007865405788405808,Test,T270111-2019,C,2019
0.0,-0.006924014946343973,Test,T270102-2019,C,2019
0.0,0.017725218731114392,Test,T270103-2019,C,2019
0.0,-0.009049857547876957,Test,T270104-2019,C,2019
0.0,-0.006248450777397223,Test,T270105-2019,C,2019
0.0,0.014092822579911736,Test,T270106-2019,C,2019
0.0,-0.008494698976211974,Test,T270108-2019,C,2019
0.0,0.029647511783992768,Test,T270201-2019,C,2019
0.0,0.01717779392162967,Test,T270202-2019,C,2019
0.0,0.041146338417972925,Test,T270203-2019,C,2019
0.0,0.005512573276311881,Test,T270204-2019,C,2019
0.0,0.03631535937233429,Test,T270205-2019,C,2019
0.0,-0.004527240724843569,Test,T270206-2019,C,2019
0.0,-0.009818590641239392,Test,T270207-2019,C,2019
0.0,0.009519648867016514,Test,T270301-2019,C,2019
0.0,0.0040377497427282905,Test,T270302-2019,C,2019
0.0,-0.005241300085441299,Test,T270306-2019,C,2019
0.0,0.013497511911566227,Test,T270307-2019,C,2019
0.0,0.0041634446360110005,Test,T270309-2019,C,2019
0.0,0.03994302637481082,Test,T270401-2019,C,2019
0.0,0.07103884232054554,Test,T270403-2019,C,2019
0.0,0.015852798009525507,Test,T270405-2019,C,2019
0.0,0.04947833864299541,Test,T270406-2019,C,2019
0.0,0.015281314295239285,Test,T270501-2019,C,2019
0.0,-0.0012139592660898077,Test,T270510-2019,C,2019
0.0,-0.019526357197126146,Test,T270511-2019,C,2019
0.0,0.025323033663817808,Test,T270502-2019,C,2019
0.0,-0.005204604064323073,Test,T270503-2019,C,2019
0.0,0.00729961900522318,Test,T270504-2019,C,2019
0.0,-0.011369353240973335,Test,T270505-2019,C,2019
0.0,0.022253490600354645,Test,T270506-2019,C,2019
0.0,0.02131150250675451,Test,T270507-2019,C,2019
0.0,0.01644917186410503,Test,T270508-2019,C,2019
0.0,0.03396371021494573,Test,T270509-2019,C,2019
0.0040521696582653,-0.00012152916701892211,Test,T270610-2019,C,2019
0.0,0.025286915151498175,Test,T270611-2019,C,2019
0.0,-0.011222666120231324,Test,T270612-2019,C,2019
0.0,-0.006983852200820778,Test,T270613-2019,C,2019
0.0,-0.007588856699941402,Test,T270602-2019,C,2019
0.0012298812835128,-0.01591095803995127,Test,T270603-2019,C,2019
0.0,-0.004056350260480425,Test,T270604-2019,C,2019
0.0,0.023657771166945445,Test,T270605-2019,C,2019
0.0016637204949568,0.02822426264248995,Test,T270606-2019,C,2019
0.0,0.032392809372397795,Test,T270607-2019,C,2019
0.0,-0.014185947466531967,Test,T270608-2019,C,2019
0.0,0.06125762866225724,Test,T270609-2019,C,2019
0.0,-0.006321754688971829,Test,T270701-2019,C,2019
0.0,0.009361404574598536,Test,T270702-2019,C,2019
0.0,0.006880369968903306,Test,T270703-2019,C,2019
0.0,-0.01468258766680924,Test,T270704-2019,C,2019
0.0905178723030533,0.05877695303024618,Test,T270801-2019,C,2019
0.0143532735000101,-0.014527287805115165,Test,T270802-2019,C,2019
0.0352443071289621,0.012892046379989837,Test,T270803-2019,C,2019
0.1930048506510084,0.05564449835008511,Test,T270804-2019,C,2019
0.0,0.06102922530874843,Test,T270901-2019,C,2019
0.0,0.022737330667820115,Test,T270902-2019,C,2019
0.0,0.052976078231785975,Test,T270903-2019,C,2019
0.0,-0.021504272968726004,Test,T700203-2019,C,2019
0.0,-0.0018965715555023604,Test,T700206-2019,C,2019
0.0,-0.018262556496393564,Test,T700301-2019,C,2019
0.0,-0.014556601547715719,Test,T700302-2019,C,2019
0.0,-0.007563087157105608,Test,T700304-2019,C,2019
0.0,0.014551493482294663,Test,T710113-2019,C,2019
0.0,-0.015265732700987193,Test,T710116-2019,C,2019
0.0,-0.002408584694837826,Test,T710107-2019,C,2019
0.0,0.05256056195643741,Test,T710108-2019,C,2019
0.0,-0.006203457216893901,Test,T711001-2019,C,2019
0.0,0.001078197338155498,Test,T711002-2019,C,2019
0.0,0.005631968064425655,Test,T711003-2019,C,2019
0.0,0.034338960630288094,Test,T711004-2019,C,2019
0.0,0.06821070775618712,Test,T711005-2019,C,2019
0.0,0.05092436644837921,Test,T711006-2019,C,2019
0.0,0.025831473670304604,Test,T711007-2019,C,2019
0.0,0.03853071543863539,Test,T711101-2019,C,2019
0.0,-0.0064761474805815206,Test,T711201-2019,C,2019
0.0,-0.013117979633100558,Test,T711202-2019,C,2019
0.0,-0.015516763946697834,Test,T711301-2019,C,2019
0.0,-0.012405755999663516,Test,T711302-2019,C,2019
0.0,0.0017743247350142238,Test,T711303-2019,C,2019
0.0,0.006564394708236096,Test,T711304-2019,C,2019
0.0,0.013001244202793206,Test,T710206-2019,C,2019
0.0,0.0049581388206327804,Test,T710301-2019,C,2019
0.0,0.004082824444828407,Test,T710302-2019,C,2019
0.0,-0.008351197118575534,Test,T710303-2019,C,2019
0.0,0.03737017333850019,Test,T710305-2019,C,2019
0.0,0.03996792939517176,Test,T710308-2019,C,2019
0.0,0.01626298213395174,Test,T710612-2019,C,2019
0.0,-0.011910780601801436,Test,T710613-2019,C,2019
0.0,0.03797609811415788,Test,T710701-2019,C,2019
0.0,-0.018162893362898593,Test,T710704-2019,C,2019
0.0,0.01527307055668595,Test,T710801-2019,C,2019
0.0,0.0538829881861347,Test,T710802-2019,C,2019
0.0,0.00038309153794737063,Test,T710902-2019,C,2019
0.0,0.003400503937472175,Test,T721005-2019,C,2019
0.0,0.014870072189225415,Test,T721006-2019,C,2019
0.0,-0.020394077594991247,Test,T720301-2019,C,2019
0.0,-0.010323576072550942,Test,T720302-2019,C,2019
0.0,0.05221059900305978,Test,T720303-2019,C,2019
0.0,-0.007869675862559274,Test,T720306-2019,C,2019
0.0,0.020697823930292084,Test,T720604-2019,C,2019
0.0,0.01804606158178359,Test,T720605-2019,C,2019
0.0,0.05805706662112583,Test,T720910-2019,C,2019
0.0,0.020879768900952965,Test,T760303-2019,C,2019
0.0,0.026234764965689425,Test,T770103-2019,C,2019
0.0,0.031443042314437064,Test,T770105-2019,C,2019
0.0,-0.0012529908744820864,Test,T770304-2019,C,2019
0.0,0.05602157350231197,Test,T770405-2019,C,2019
0.0,0.019252991788288487,Test,T770406-2019,C,2019
0.0,0.0424266843399269,Test,T770503-2019,C,2019
0.0,-0.008571584326652807,Test,T770705-2019,C,2019
0.0,0.00798473563358138,Test,T102302-2019,C,2019
0.0,0.014520996759515205,Test,T141403-2019,C,2019
0.0,0.008939977708719906,Test,T141409-2019,C,2019
0.0,0.06047242955720775,Test,T140201-2019,C,2019
0.0,0.00011007098592941483,Test,T140202-2019,C,2019
0.0,0.04294011368114083,Test,T140203-2019,C,2019
0.0,0.009436298727917323,Test,T140205-2019,C,2019
0.0,-0.000614656270748129,Test,T140208-2019,C,2019
0.0,0.05403699094459126,Test,T140209-2019,C,2019
0.0,-0.018156613907575878,Test,T140711-2019,C,2019
0.0,0.00569851227623925,Test,T140904-2019,C,2019
0.0,-0.0026008622903489717,Test,T140905-2019,C,2019
0.0,0.047487862429403296,Test,T140906-2019,C,2019
0.0,-0.0051782360838411815,Test,T140908-2019,C,2019
0.0,-0.008602969604526434,Test,T150101-2019,C,2019
0.0,-0.006020616875285586,Test,T150102-2019,C,2019
0.0,0.012891910064968648,Test,T150615-2019,C,2019
0.0,-0.0036029085607472387,Test,T150609-2019,C,2019
0.0,-0.008302701574553026,Test,T160103-2019,C,2019
0.0,-0.0020567877488996827,Test,T160202-2019,C,2019
0.0,0.009044510120436939,Test,T160610-2019,C,2019
0.0,0.016964423126316047,Test,T160614-2019,C,2019
0.0,-0.019453029025179744,Test,T160616-2019,C,2019
0.0,0.01893954628236882,Test,T160604-2019,C,2019
0.0,0.04102003089734079,Test,T180206-2019,C,2019
0.0,0.015778201906448658,Test,T180311-2019,C,2019
0.0,-0.004664849713499359,Test,T180304-2019,C,2019
0.0,-0.0252360461589126,Test,T180306-2019,C,2019
0.0,-0.005849413939408291,Test,T180307-2019,C,2019
0.0,-0.012127463939465904,Test,T180701-2019,C,2019
0.0,-0.0018476911448938949,Test,T180702-2019,C,2019
0.0,0.0009746678537795876,Test,T180703-2019,C,2019
0.0,0.0014848203464644049,Test,T180704-2019,C,2019
0.0,0.02304171682954118,Test,T180801-2019,C,2019
0.0,0.0034975810869116706,Test,T190111-2019,C,2019
0.0,-0.0005801023724710837,Test,T190112-2019,C,2019
0.0,0.003891670629089349,Test,T190114-2019,C,2019
0.0,0.04771411463265971,Test,T190105-2019,C,2019
0.0,0.0661152135748424,Test,T190106-2019,C,2019
0.0,0.004690409259847615,Test,T190107-2019,C,2019
0.0,0.051817450954197375,Test,T190108-2019,C,2019
0.0,0.027534681539313568,Test,T190109-2019,C,2019
0.0,0.00781441115409482,Test,T191001-2019,C,2019
0.0,0.013252655648710854,Test,T191010-2019,C,2019
0.0,0.017142549213215622,Test,T191011-2019,C,2019
0.0,-0.01625352316213502,Test,T191002-2019,C,2019
0.0,0.007860035447099824,Test,T191003-2019,C,2019
0.0,0.0014414748408118573,Test,T191004-2019,C,2019
0.0,-0.003864503639485842,Test,T191005-2019,C,2019
0.0,-0.013561599804112872,Test,T191006-2019,C,2019
0.0,0.00011814530581237231,Test,T191008-2019,C,2019
0.0,0.02653507613953107,Test,T191009-2019,C,2019
0.0,-0.0024871831417721904,Test,T191301-2019,C,2019
0.0,0.030718564397557598,Test,T191302-2019,C,2019
0.0,0.027648261327563105,Test,T191303-2019,C,2019
0.0,0.032139718552587744,Test,T191304-2019,C,2019
0.0,0.0295965019893123,Test,T191305-2019,C,2019
0.0,0.00673077783550993,Test,T190211-2019,C,2019
0.0,-0.012301099587571236,Test,T190212-2019,C,2019
0.0,-0.0006649259013378575,Test,T190213-2019,C,2019
0.0,-0.011885841598441936,Test,T190215-2019,C,2019
0.0,0.002610396991307989,Test,T190203-2019,C,2019
0.0,0.020093613782637573,Test,T190204-2019,C,2019
0.0,0.009158051367374293,Test,T190205-2019,C,2019
0.0,0.0005423877120503698,Test,T190310-2019,C,2019
0.0,-0.000494891605910402,Test,T190311-2019,C,2019
0.0,0.016479730948290618,Test,T190312-2019,C,2019
0.0,0.02942127345073671,Test,T190313-2019,C,2019
0.0,0.049770426595313715,Test,T190315-2019,C,2019
0.0,0.013031352886991166,Test,T190316-2019,C,2019
0.0,-0.011044827736294038,Test,T190305-2019,C,2019
0.0,0.002107478047760405,Test,T190306-2019,C,2019
0.0,-0.0008547781752336493,Test,T190308-2019,C,2019
0.0,-0.0018627392373517006,Test,T190309-2019,C,2019
0.0,0.020508995507629822,Test,T190402-2019,C,2019
0.0,0.02120727209250904,Test,T190403-2019,C,2019
0.0,0.0030379831965640226,Test,T190404-2019,C,2019
0.0,0.0040969575301824926,Test,T190405-2019,C,2019
0.0,0.03191077235127178,Test,T190406-2019,C,2019
0.0,0.014817145463307148,Test,T190501-2019,C,2019
0.0,0.01218620464204229,Test,T190502-2019,C,2019
0.0,0.018190956493452877,Test,T190503-2019,C,2019
0.0,-0.00591256545924689,Test,T190504-2019,C,2019
0.0,0.011489599619559757,Test,T190506-2019,C,2019
0.0,0.02278137911109609,Test,T190507-2019,C,2019
0.0,0.008926129365063925,Test,T190508-2019,C,2019
0.0,0.019646840310395847,Test,T190509-2019,C,2019
0.0,-0.005577096237829716,Test,T190608-2019,C,2019
0.0,-0.005967770792753532,Test,T190609-2019,C,2019
0.0,-0.015354640595841847,Test,T190906-2019,C,2019
0.0,0.027576525219009444,Test,T190907-2019,C,2019
0.0,0.015108852712048005,Test,T200113-2019,C,2019
0.0,-0.004005648974715937,Test,T200118-2019,C,2019
0.0,-0.0024802644279380698,Test,T201005-2019,C,2019
0.0,0.013607307341216842,Test,T201102-2019,C,2019
0.0,-0.01610789743438386,Test,T200303-2019,C,2019
0.0,0.018505365266531335,Test,T200511-2019,C,2019
0.0,-0.012071876902291905,Test,T200508-2019,C,2019
0.0,0.01813977738299819,Test,T200615-2019,C,2019
0.0,0.002876659254517194,Test,T200617-2019,C,2019
0.0,0.03661390409471148,Test,T200622-2019,C,2019
0.0,-0.0024078675256298384,Test,T200605-2019,C,2019
0.0,0.05529058297004985,Test,T200606-2019,C,2019
0.0,-0.01178102242332648,Test,T210112-2019,C,2019
0.0,-0.012016982615727952,Test,T210108-2019,C,2019
0.0,0.04270288515136029,Test,T210313-2019,C,2019
0.0,-0.0028307567426455824,Test,T210501-2019,C,2019
0.0,0.01851550121898284,Test,T210502-2019,C,2019
0.0,-0.00270843663598214,Test,T210503-2019,C,2019
0.0,-0.001595262600184394,Test,T210504-2019,C,2019
0.0,0.005985226661592438,Test,T210506-2019,C,2019
0.0,-0.0037440322588976897,Test,T210507-2019,C,2019
0.0,0.12843520231588978,Test,T230104-2019,C,2019
0.0,0.035799495037922506,Test,T240113-2019,C,2019
0.0,0.024077948465897808,Test,T240104-2019,C,2019
0.0,-0.010334482740721575,Test,T240105-2019,C,2019
0.0,-0.004903061107658891,Test,T240412-2019,C,2019
0.0,-0.014991182480671581,Test,T240402-2019,C,2019
0.0,-0.012847269368637252,Test,T240405-2019,C,2019
0.0,0.027595334887270163,Test,T240515-2019,C,2019
0.0,0.022991721990112287,Test,T260103-2019,C,2019
0.0,0.06073805799951287,Test,T260109-2019,C,2019
0.0,0.021546232215670372,Test,T260301-2019,C,2019
0.0,-0.00788241565454867,Test,T260302-2019,C,2019
0.0,-0.010091748841188039,Test,T260303-2019,C,2019
0.0,-0.010628209893608194,Test,T260304-2019,C,2019
0.0,-0.009831914984843237,Test,T260307-2019,C,2019
0.0,0.004556557659071479,Test,T260308-2019,C,2019
0.0,0.029586780748936125,Test,T260309-2019,C,2019
0.0,0.03552225202299924,Test,T700110-2019,C,2019
0.0,0.015829203022175622,Test,T700111-2019,C,2019
0.0,-0.021888013178093264,Test,T700112-2019,C,2019
0.0,-0.003066284771319419,Test,T700113-2019,C,2019
0.0,-0.004790987384589106,Test,T700114-2019,C,2019
0.0,0.024117771330622807,Test,T700115-2019,C,2019
0.0,0.02141507598100288,Test,T700116-2019,C,2019
0.0,0.004443610904681991,Test,T700117-2019,C,2019
0.0,0.024113266410035285,Test,T700118-2019,C,2019
0.0,0.002921542984082245,Test,T700119-2019,C,2019
0.0,-0.008025059059194478,Test,T700102-2019,C,2019
0.0,-0.012660095422213209,Test,T700120-2019,C,2019
0.0,0.0006927551522938093,Test,T700121-2019,C,2019
0.0,0.0352740523769387,Test,T700122-2019,C,2019
0.0,-0.013370966239908154,Test,T700103-2019,C,2019
0.0,0.048743560499777516,Test,T700104-2019,C,2019
0.0,0.027265321940322648,Test,T700105-2019,C,2019
0.0,0.03767116391375408,Test,T700107-2019,C,2019
0.0,-0.01038957045816111,Test,T700108-2019,C,2019
0.0,0.03901521601164731,Test,T700109-2019,C,2019
0.0,0.007102907284483549,Test,T700201-2019,C,2019
0.0,-0.002639071974408497,Test,T700202-2019,C,2019
0.0,0.02626165989676448,Test,T700204-2019,C,2019
0.0,0.00852504141713956,Test,T700205-2019,C,2019
0.0,0.011334714877537573,Test,T700408-2019,C,2019
0.0,-0.0059368728001188325,Test,T700510-2019,C,2019
0.0,-0.014932937665152595,Test,T700511-2019,C,2019
0.0,0.013815831226044616,Test,T700512-2019,C,2019
0.0,0.004150152632063965,Test,T700513-2019,C,2019
0.0,0.004335717455854665,Test,T700514-2019,C,2019
0.0,0.013305711556255397,Test,T700515-2019,C,2019
0.0,0.023150743312432893,Test,T700502-2019,C,2019
0.0,0.021815728155995744,Test,T700503-2019,C,2019
0.0,0.057304136208312,Test,T700504-2019,C,2019
0.0145032632342277,0.05318771299594617,Test,T700505-2019,C,2019
0.0,0.01175279621060886,Test,T700506-2019,C,2019
0.0,0.03909430064628197,Test,T700507-2019,C,2019
0.0,0.005410559567584334,Test,T700508-2019,C,2019
0.0,0.021724646058551234,Test,T700509-2019,C,2019
0.0197869101978691,0.024849105046666993,Test,T700601-2019,C,2019
0.0,-0.012485316056497725,Test,T700603-2019,C,2019
0.0,0.026566680064719583,Test,T700604-2019,C,2019
0.0,0.00097409688247695,Test,T700606-2019,C,2019
0.0,0.0463419055585624,Test,T700711-2019,C,2019
0.0,-0.017337950783141223,Test,T700712-2019,C,2019
0.0,0.042981490770789714,Test,T700713-2019,C,2019
0.0127776685669353,0.03934523008101604,Test,T700714-2019,C,2019
0.0,0.12027404451139184,Test,T700715-2019,C,2019
0.0,7.169309845393539e-05,Test,T700716-2019,C,2019
0.0005451076587626,-0.005498337831787179,Test,T700717-2019,C,2019
0.0,-0.003845171111254496,Test,T700718-2019,C,2019
0.0,-0.008912077977383462,Test,T700702-2019,C,2019
0.0,0.00798185745320351,Test,T700703-2019,C,2019
0.0,0.03386124486215261,Test,T700704-2019,C,2019
0.0,0.025336812181808267,Test,T700705-2019,C,2019
0.0,0.003405607917454015,Test,T700706-2019,C,2019
0.0,0.019859250793367735,Test,T700707-2019,C,2019
0.0,-0.03084778576602038,Test,T700708-2019,C,2019
0.2796610169491525,0.0009407932123573679,Test,T700709-2019,C,2019
0.0,-0.01009691531061321,Test,T700801-2019,C,2019
0.0,0.05648004788037034,Test,T700810-2019,C,2019
0.0834296516188401,-0.010935065592523673,Test,T700811-2019,C,2019
0.0,0.028734122035559185,Test,T700812-2019,C,2019
0.0,0.012321598895719673,Test,T700802-2019,C,2019
0.0,-0.01850269263059849,Test,T700803-2019,C,2019
0.0,-0.016279729821242,Test,T700804-2019,C,2019
0.0206526228831061,-0.0013549696585587027,Test,T700805-2019,C,2019
0.0055799911307509,0.0366380046293588,Test,T700806-2019,C,2019
0.0332119661483959,0.02160915542264659,Test,T700807-2019,C,2019
0.0,0.0413535520897366,Test,T700808-2019,C,2019
0.0269367874132075,0.008682980039047921,Test,T700809-2019,C,2019
0.0,0.04406043267239577,Test,T700901-2019,C,2019
0.0,0.019661523387510822,Test,T700902-2019,C,2019
0.0,0.010592974424603906,Test,T700903-2019,C,2019
0.0,-0.009238037977613132,Test,T710110-2019,C,2019
0.0,0.050750349115283144,Test,T710111-2019,C,2019
0.0,-0.006513923031428617,Test,T710103-2019,C,2019
0.0,0.0192593994363723,Test,T710104-2019,C,2019
0.0,-0.018501648581266177,Test,T710105-2019,C,2019
0.0,-0.015007953074011506,Test,T710106-2019,C,2019
0.0,0.0142092606342435,Test,T711102-2019,C,2019
0.0072041784234856,0.010057176009480116,Test,T711103-2019,C,2019
0.0,-0.006719352814616038,Test,T711104-2019,C,2019
0.0,-0.002941733880444484,Test,T711203-2019,C,2019
0.0,-0.03164828444652205,Test,T710207-2019,C,2019
0.0,0.01737698440782086,Test,T710401-2019,C,2019
0.0,-0.01423647888758231,Test,T710402-2019,C,2019
0.0,0.011276328928033517,Test,T710403-2019,C,2019
0.0,0.030377522110990644,Test,T710404-2019,C,2019
0.0,0.06161784115715469,Test,T710405-2019,C,2019
0.0,0.02317622956723263,Test,T710406-2019,C,2019
0.0,-0.02288986821290651,Test,T710501-2019,C,2019
0.0,-0.007621542686275886,Test,T710510-2019,C,2019
0.0,-0.02453516846824309,Test,T710511-2019,C,2019
0.0,0.0026920484285874427,Test,T710512-2019,C,2019
0.0,0.0016310800402607516,Test,T710513-2019,C,2019
0.0,-0.008903583825094714,Test,T710514-2019,C,2019
0.0,-0.016036845739180065,Test,T710515-2019,C,2019
0.0,0.025288502285686982,Test,T710516-2019,C,2019
0.0,-0.008204771483500128,Test,T710517-2019,C,2019
0.0,-0.016828945286723105,Test,T710502-2019,C,2019
0.0,0.04385124322942821,Test,T710503-2019,C,2019
0.0,-0.01277229271660164,Test,T710504-2019,C,2019
0.0,0.04342570153553439,Test,T710505-2019,C,2019
0.0,0.01870392351758262,Test,T710506-2019,C,2019
0.0,0.013520881969692677,Test,T710508-2019,C,2019
0.0,-0.012367105483883485,Test,T710509-2019,C,2019
0.0,-0.014886887097408558,Test,T710610-2019,C,2019
0.0120536937266003,-0.00862881768992287,Test,T710611-2019,C,2019
0.0,0.01407379240568205,Test,T710603-2019,C,2019
0.0,0.01045016887103687,Test,T710604-2019,C,2019
0.0,-0.006356970809699114,Test,T710605-2019,C,2019
0.0,-0.005038935490419511,Test,T710606-2019,C,2019
0.0,0.003659233518121509,Test,T710607-2019,C,2019
0.0,0.015230791828733499,Test,T710608-2019,C,2019
0.0,-0.02609053987972143,Test,T710609-2019,C,2019
0.0,0.01649260556190015,Test,T710702-2019,C,2019
0.0,-0.012061199762327415,Test,T710703-2019,C,2019
0.0,0.016480081460893706,Test,T710705-2019,C,2019
0.0,0.06871875117444977,Test,T710706-2019,C,2019
0.0,-0.0033616893963050215,Test,T710707-2019,C,2019
0.0,-0.012228047006690012,Test,T710901-2019,C,2019
0.0,0.010720160569860113,Test,T710911-2019,C,2019
0.0,-0.004523730690695653,Test,T710912-2019,C,2019
0.0,-0.00036535768974719715,Test,T710903-2019,C,2019
0.0,0.03608785020817983,Test,T710904-2019,C,2019
0.0,-0.013731037033761082,Test,T710905-2019,C,2019
0.0,0.0003631532227929908,Test,T710906-2019,C,2019
0.0,0.01827717023785333,Test,T721001-2019,C,2019
0.0,0.002301320296995393,Test,T721002-2019,C,2019
0.0,-0.0039281619228645195,Test,T721003-2019,C,2019
0.0,0.003307701143116917,Test,T721004-2019,C,2019
0.0,0.03943874586176538,Test,T720210-2019,C,2019
0.0,-0.015306585590041475,Test,T720211-2019,C,2019
0.0,0.0396561735258338,Test,T720212-2019,C,2019
0.0,0.00746650347403043,Test,T720214-2019,C,2019
0.0,0.003863124365516091,Test,T720209-2019,C,2019
0.0,0.01217538283249624,Test,T720806-2019,C,2019
0.0,0.01789239714239974,Test,T720903-2019,C,2019
0.0,-0.012981376781607072,Test,T730111-2019,C,2019
0.0,-0.0038060742028744013,Test,T730112-2019,C,2019
0.0,-0.014802914679664275,Test,T730113-2019,C,2019
0.0,-0.009272954306111126,Test,T730115-2019,C,2019
0.0,0.007630021894689612,Test,T730116-2019,C,2019
0.0,0.006931535383402267,Test,T730118-2019,C,2019
0.0,-0.016097110245804406,Test,T730122-2019,C,2019
0.0,-0.006298209720428815,Test,T730124-2019,C,2019
0.0,-0.001039827736939689,Test,T730125-2019,C,2019
0.0,0.013640550228084527,Test,T730104-2019,C,2019
0.0,0.02148850921816885,Test,T730105-2019,C,2019
0.0,0.025258874030012632,Test,T730106-2019,C,2019
0.0,0.008905589971975499,Test,T730109-2019,C,2019
0.0,0.0007628933570678647,Test,T730201-2019,C,2019
0.0,-0.00024999387541872623,Test,T730210-2019,C,2019
0.0,-0.005560262065826547,Test,T730212-2019,C,2019
0.0,0.000661664027946677,Test,T730213-2019,C,2019
0.0,0.05690857378931158,Test,T730214-2019,C,2019
0.0,0.07535007869502909,Test,T730203-2019,C,2019
0.0,0.015351785206833963,Test,T730204-2019,C,2019
0.0,-0.00834802569934221,Test,T730205-2019,C,2019
0.0,-0.005555703080220813,Test,T730206-2019,C,2019
0.0,-0.005470546359152953,Test,T730207-2019,C,2019
0.0,-0.0019542483188005957,Test,T730208-2019,C,2019
0.0,0.0012738619067766586,Test,T730406-2019,C,2019
0.0,-0.013246089437701909,Test,T730407-2019,C,2019
0.0,0.016875540605278544,Test,T730613-2019,C,2019
0.0,0.044192926358518264,Test,T730615-2019,C,2019
0.0,0.015260561435263166,Test,T730607-2019,C,2019
0.0,0.030838003317029836,Test,T730609-2019,C,2019
0.0,0.020355865473506093,Test,T740202-2019,C,2019
0.0,-0.007052328500423852,Test,T740204-2019,C,2019
0.0,0.007455125397863202,Test,T740205-2019,C,2019
0.0,0.01952120610838374,Test,T740206-2019,C,2019
0.0,0.02160304920295987,Test,T740208-2019,C,2019
0.0,0.0316565020629853,Test,T740302-2019,C,2019
0.0,0.02166969082188888,Test,T750310-2019,C,2019
0.0,-0.009852048721424377,Test,T750304-2019,C,2019
0.0,-0.010523016754152247,Test,T750309-2019,C,2019
0.0,0.02739958312010569,Test,T760110-2019,C,2019
0.0,-0.01284961254473374,Test,T760111-2019,C,2019
0.0,-0.008458665946419527,Test,T760112-2019,C,2019
0.0,0.015296478928574813,Test,T760113-2019,C,2019
0.0,0.008405089146718251,Test,T760114-2019,C,2019
0.0,0.011937972886327248,Test,T760115-2019,C,2019
0.0,0.03781523586346966,Test,T760116-2019,C,2019
0.0,-0.00884224456260923,Test,T760117-2019,C,2019
0.0,0.05569713999194449,Test,T760118-2019,C,2019
0.0,0.002733495005654051,Test,T760119-2019,C,2019
0.0,0.05168470905024919,Test,T760120-2019,C,2019
0.0,0.048577052560041106,Test,T760121-2019,C,2019
0.0,0.03022813734873831,Test,T760122-2019,C,2019
0.0,0.043608205664765254,Test,T760123-2019,C,2019
0.0,0.010509503398124086,Test,T760124-2019,C,2019
0.0,0.00984860140324717,Test,T760103-2019,C,2019
0.0,-0.008126885598204165,Test,T760104-2019,C,2019
0.0,0.01523606382239421,Test,T760105-2019,C,2019
0.0,0.054945260312775454,Test,T760106-2019,C,2019
0.0,0.049930363041643486,Test,T760107-2019,C,2019
0.0,-0.00024121057911453142,Test,T760108-2019,C,2019
0.0,0.033039829853785015,Test,T760109-2019,C,2019
0.0,0.043801492808652934,Test,T760201-2019,C,2019
0.0,0.0167771233597314,Test,T760210-2019,C,2019
0.0,0.0265689461487896,Test,T760202-2019,C,2019
0.0,0.010980278494341775,Test,T760203-2019,C,2019
0.0,0.007998172178173689,Test,T760204-2019,C,2019
0.0,0.036281378915774196,Test,T760205-2019,C,2019
0.0,-0.0022907236241995455,Test,T760206-2019,C,2019
0.0,0.004461642226401099,Test,T760207-2019,C,2019
0.0,0.026203123229566447,Test,T760208-2019,C,2019
0.0,0.005834780266947147,Test,T760209-2019,C,2019
0.0,0.005769490603462794,Test,T760301-2019,C,2019
0.0,0.010466625824582299,Test,T760302-2019,C,2019
0.0,0.00018356068666021364,Test,T760304-2019,C,2019
0.0,-0.008966698825914493,Test,T760401-2019,C,2019
0.0,0.019539244607844213,Test,T760402-2019,C,2019
0.0,0.0018901420311504265,Test,T760403-2019,C,2019
0.0,-0.008081475465532732,Test,T760404-2019,C,2019
0.0,0.0021778775658125773,Test,T760405-2019,C,2019
0.0,0.01068204179244005,Test,T760406-2019,C,2019
0.0,0.056790700151569305,Test,T760407-2019,C,2019
0.0,0.017966644770647237,Test,T760408-2019,C,2019
0.0,0.010911520724657758,Test,T760409-2019,C,2019
0.0,0.001541402445801439,Test,T760501-2019,C,2019
0.0,-0.018416423690146753,Test,T760511-2019,C,2019
0.0,0.04295314461461169,Test,T760512-2019,C,2019
0.0,0.01408884328867903,Test,T760513-2019,C,2019
0.0,-0.01616308744211581,Test,T760514-2019,C,2019
0.0,3.5973350348819105e-07,Test,T760515-2019,C,2019
0.0,-0.017126822569292727,Test,T760502-2019,C,2019
0.0,-0.01018082637620477,Test,T760503-2019,C,2019
0.0,0.004701911335760297,Test,T760504-2019,C,2019
0.0,0.033612067009499105,Test,T760505-2019,C,2019
0.0,0.021613460803561916,Test,T760506-2019,C,2019
0.0,0.008964301674599337,Test,T760507-2019,C,2019
0.0,0.03191515698449364,Test,T760601-2019,C,2019
0.0,0.03279389730567502,Test,T760610-2019,C,2019
0.0,0.07885287040298161,Test,T760611-2019,C,2019
0.0,-0.009508350885252101,Test,T760612-2019,C,2019
0.0,0.019839371866176278,Test,T760613-2019,C,2019
0.0,-0.012436250103936545,Test,T760614-2019,C,2019
0.0,0.0309103171262033,Test,T760615-2019,C,2019
0.0,-0.0032933455808404058,Test,T760616-2019,C,2019
0.0,0.024401409799060768,Test,T760617-2019,C,2019
0.0,-0.025046609904309697,Test,T760618-2019,C,2019
0.0,0.022255579230424462,Test,T760602-2019,C,2019
0.0,0.011822962679959028,Test,T760603-2019,C,2019
0.0,0.007955671688194452,Test,T760604-2019,C,2019
0.0,0.011622325117715045,Test,T760605-2019,C,2019
0.0,0.007699391268009246,Test,T760606-2019,C,2019
0.0,0.013038187721423592,Test,T760607-2019,C,2019
0.0,0.026871924097215664,Test,T760608-2019,C,2019
0.0,-0.0036438864153958356,Test,T760609-2019,C,2019
0.0,0.05508473887746946,Test,T760701-2019,C,2019
0.0,0.05771935934982545,Test,T760710-2019,C,2019
0.0,-0.006811473701181149,Test,T760702-2019,C,2019
0.0,0.004091547431210251,Test,T760704-2019,C,2019
0.0,0.005488125167477854,Test,T760705-2019,C,2019
0.0,0.014232396530905805,Test,T760709-2019,C,2019
0.0,0.03162866555105877,Test,T760803-2019,C,2019
0.0,0.007960682735088558,Test,T760805-2019,C,2019
0.0,0.07054133793368977,Test,T770106-2019,C,2019
0.0,-0.006539590928523234,Test,T770201-2019,C,2019
0.0,0.027736021459492544,Test,T770202-2019,C,2019
0.0,0.004559224790171715,Test,T770204-2019,C,2019
0.0,0.022652261765265632,Test,T770206-2019,C,2019
0.0,0.004284549036883404,Test,T770207-2019,C,2019
0.0,-0.0063971799155180895,Test,T770301-2019,C,2019
0.0,-0.0038138981226069403,Test,T770302-2019,C,2019
0.0,0.001998535064814593,Test,T770303-2019,C,2019
0.0,0.03341140466369118,Test,T770305-2019,C,2019
0.0,0.007306784699765716,Test,T770306-2019,C,2019
0.0,0.026159964402267838,Test,T770402-2019,C,2019
0.0,-0.02256397202344636,Test,T770403-2019,C,2019
0.0,0.017042780052414,Test,T770404-2019,C,2019
0.0,0.00041680363103390323,Test,T770601-2019,C,2019
0.0,-0.013091141312074362,Test,T770602-2019,C,2019
0.0,-0.009478490898150746,Test,T770607-2019,C,2019
0.0,0.026281127290195296,Test,T770802-2019,C,2019
0.0,0.046763307412880976,Test,T770803-2019,C,2019
0.0,0.0022165260310322735,Test,T770804-2019,C,2019
0.0,0.019358969796163857,Test,T770805-2019,C,2019
