Loss,PredLoss,Set
288.01567808995026,283.2947711983013,Train
179.37121804589987,129.6142749052082,Train
148.1172045925626,166.55233827603297,Train
275.80363772993866,247.6009174464267,Train
98.68051745802806,150.11653058240412,Train
218.04784377683072,173.13340511742246,Train
136.55561668634664,162.6890086478752,Train
188.80383618657584,197.01497258762979,Train
217.6425022775184,171.23678914095728,Train
150.97161495917408,201.568789953242,Train
163.0911742315431,177.56168769176966,Train
263.10118009462536,235.4640055351593,Train
166.4516325484209,151.09449850154587,Train
127.24253159292975,130.62151504404073,Train
347.7738772281518,203.99140031502898,Train
217.29566945408723,168.54948613979582,Train
220.28201749007914,262.33600671178874,Train
171.50690703601617,215.01014771134192,Train
126.62701282425375,132.98356444212888,Train
227.04233485479136,269.5892090527833,Train
87.75287312762921,147.34210233884926,Train
197.70862764276737,168.11994296612178,Train
120.45959840020576,167.2990800476046,Train
162.2557853999444,197.35131033989077,Train
191.4971886419833,187.8806587871259,Train
143.43380812632236,192.2037143180898,Train
140.5656438529619,175.06212327650184,Train
210.1926958219014,227.49713496235313,Train
178.3649640331413,180.90140310611594,Train
133.28244848668155,148.82636080907295,Train
259.74514918252197,241.26949421097197,Train
141.95306612066247,180.1742520343356,Train
304.7181274973571,234.273803863624,Train
125.9565023997322,116.23325102498447,Train
140.77887320193645,166.23643112390116,Train
262.0352399039701,256.43241454271765,Train
67.97560250583318,125.75228930962422,Train
133.64996100752575,187.908309535819,Train
168.55831540904745,144.78204249973768,Train
217.50066571039866,215.14085282484112,Train
225.1770119115791,194.8148427140705,Train
234.2873540125891,199.9642255857903,Train
206.33169201342832,179.38154378810341,Train
244.56002591409703,213.19558286115972,Train
122.52235571459505,149.04270474756177,Train
108.31868141492234,112.37125372476756,Train
295.399003015079,268.22637811237024,Train
200.41332051506515,141.94023721322503,Train
311.83529602976955,305.2110464731484,Train
77.20269197928289,126.59079145209213,Train
92.84355997098722,167.23666851041227,Train
318.5079000048826,251.21844259246842,Train
75.89571208096874,69.97376466884538,Train
145.5069961992462,205.51006788149635,Train
43.991752359714525,163.36355856747593,Train
315.2499805623739,181.65100151955042,Train
143.7816808072243,220.47478419748325,Train
162.73685309426577,193.97845235005704,Train
168.4154974234981,187.18467024028868,Train
123.7176137949215,198.49369938377876,Train
167.59320220853607,161.9296326468055,Train
104.74226266434151,98.39316990568034,Train
109.11479516233803,216.36805131262298,Train
102.31079970252559,126.71231665603291,Train
283.38642586149757,317.0942614801279,Train
147.36188550872185,146.36459052732172,Train
138.0921446570428,162.5997355757824,Train
234.5772033064606,240.7792911805791,Train
80.51706145697501,108.2612621796945,Train
127.76171910858618,159.37090796051447,Train
86.51117626129414,148.94710233336525,Train
227.31543291509865,194.60054579929073,Train
201.22448907,180.16465078966775,Train
175.538344725998,178.46832787548328,Train
152.00699988309282,184.95397422466766,Train
170.88045454128428,239.28515660668393,Train
134.85870870057238,135.63546082295218,Train
85.94176236095727,154.13113890115625,Train
302.729615522439,212.31201033884963,Train
188.47226818501733,155.17241065371292,Train
263.1469569754889,285.9413663364144,Train
95.2063585165529,146.97942679883354,Train
110.34201311396407,161.51570953647413,Train
294.20392076772225,248.0821809367773,Train
58.092081477827435,74.2604132889597,Train
109.70649524427982,185.01429592658857,Train
40.24716206707926,132.72650113934776,Train
251.5140819462258,220.14999935915142,Train
233.90725488171944,185.48893389265518,Train
211.0766808735601,165.3552425469787,Train
152.57235992174793,167.58718558474604,Train
154.99429202628284,220.41342382022432,Train
177.04247718716482,176.23464004157083,Train
108.46691540439383,122.96428538475364,Train
142.11760667797003,238.848174195489,Train
168.79455100789318,162.90312649581415,Train
236.94678209075292,265.77112862044737,Train
51.558561427414844,127.07722788763725,Train
49.96267105720523,170.9472095952039,Train
203.80911098012427,244.33552539505456,Train
24.847881196171727,74.1015471861719,Train
89.528981705348,182.03436265275187,Train
16.352412507652616,139.95865071189286,Train
182.9681736030859,200.64381180071118,Train
88.87626499164772,210.78917320888834,Train
111.37668667333814,187.93020455573284,Train
113.269438648157,158.19355604849582,Train
98.75452091610467,212.03571539184134,Train
139.23193347718075,187.47902153750377,Train
52.35167633138546,149.4773706301997,Train
111.81374947871858,204.24435730537823,Train
108.66815291918043,164.6039838003642,Train
274.9662961958682,297.48762757135,Train
78.649445975215,145.9618771545433,Train
125.6205657818145,162.7514854099656,Train
267.8296556156664,204.182635686578,Train
75.12671547677105,126.52346850312843,Train
113.46174536512844,216.71284944996222,Train
69.93474528073833,149.07340279494144,Train
214.39571522360092,234.36120011384446,Train
129.64465519371612,191.29484999368552,Train
146.7815651910838,211.63492316658204,Train
109.00644521570429,242.0670265065463,Train
147.9192952675773,251.76583024643818,Train
132.62011534670296,179.6361056355784,Train
94.95890545308121,178.68343123075473,Train
177.73566558671223,211.6152343564555,Train
187.05039574759576,160.9557113907705,Train
322.58976722500853,275.17209091865766,Train
171.62671662381285,164.39324703327637,Train
263.2429860354478,189.4239973073944,Train
350.68857545991364,280.3715529060507,Train
152.56348489720995,105.72028373906306,Train
196.31771434733707,175.6994544058228,Train
206.15126381029495,165.25490355632576,Train
280.41413328608337,203.98413760913496,Train
207.35632277470268,209.6943829651493,Train
331.0278322761526,191.76111865401185,Train
222.32866179043327,195.17780358424986,Train
335.20881131754464,203.6178209094952,Train
177.56828085748674,159.72695454219695,Train
159.2570704102596,136.444236822018,Train
366.375179975863,220.8001937783528,Train
192.37260955429727,169.59915045742628,Train
260.8107896527131,257.6493623076575,Train
99.35460891259387,177.91796604448413,Train
142.6701642321782,155.19367267953226,Train
225.90745561146622,253.50444927290863,Train
92.16648305045778,158.0354923763669,Train
146.74724654915303,163.17990500080623,Train
116.6497461075518,158.39621587819346,Train
198.9239817256542,226.9876008742569,Train
259.1699534034602,232.94851154952724,Train
251.88766114096995,226.06920827439208,Train
277.87710493818304,155.35251116273133,Train
133.4382847950999,222.35783330495877,Train
115.02120071172034,154.14442682658103,Train
113.77585268804435,172.50211290907154,Train
202.152240724072,177.38083402057265,Train
144.25036481980328,173.26497463599077,Train
223.6846781720307,262.18050169182175,Train
62.731822954632634,140.19525374211076,Train
68.0676610941007,143.73251834887876,Train
273.29219259043475,258.55551858774936,Train
48.05541744363505,145.19426644894588,Train
95.85733565370136,142.29645650160177,Train
4.047947220633958,138.2713101927149,Train
249.6772521444326,200.88604515306716,Train
147.44525042509713,232.27275766890727,Train
170.55194206262803,226.9823592137593,Train
99.89732705702492,114.73813304285224,Train
99.6314054082879,220.6160328095075,Train
138.60417711641696,209.9201622924743,Train
42.86564218141224,144.3530463014503,Train
88.56580060327356,237.6634414315674,Train
107.70465238200102,156.0257729555719,Train
240.8539568423463,266.85781097211395,Train
79.84191340426878,154.88102460549317,Train
165.96026229067365,152.84699318849968,Train
259.1090035015611,249.54364524630128,Train
31.688137036930897,116.12832300999665,Train
133.6476628967833,165.20555642001702,Train
125.03758108111818,139.54098146028494,Train
192.75789158993553,207.07006427892205,Train
192.60859442323536,209.98459620839498,Train
284.18968958101755,205.08297816291432,Train
178.40117706328243,181.40525128594135,Train
127.24305687002972,208.1763422432101,Train
71.21532900125948,142.71160191483338,Train
55.81799345697172,99.31823625794931,Train
290.3510502371663,247.4840017717035,Train
130.11449934184353,159.138595105624,Train
305.2855878846366,280.5368263470824,Train
153.80630407708645,123.50842981611395,Train
234.75358824735167,164.4690535641956,Train
326.2274403954324,241.85163022540206,Train
162.2278605213284,130.0539879262155,Train
222.95484862503992,165.9293921386927,Train
204.25840470656675,147.4129919572071,Train
258.3885287659092,209.96793487189308,Train
334.94522080306695,226.8041370068121,Train
347.4784808180401,223.18379539000506,Train
245.2383088108288,171.09823996971556,Train
297.3747047814328,184.99594745643788,Train
197.98766872985232,141.10243537950146,Train
208.877200656087,140.1624893679106,Train
410.54330056013737,262.25146051602877,Train
239.1359684420031,168.15818430265594,Train
262.91796381554957,256.8280366679393,Train
119.33776596107155,174.6512934521046,Train
134.33645106063818,148.68328441490814,Train
214.11401911424946,251.6461574067727,Train
53.820470121905615,101.6329598537346,Train
106.35580408360643,180.8569371940314,Train
94.87002099935201,116.04854211754487,Train
162.86312086914234,238.1214948196343,Train
208.83510369297727,169.6987072329337,Train
189.3859694708569,220.71815590615216,Train
170.6657182027813,162.23232208608107,Train
121.52434988875048,234.57015930063534,Train
104.96186452876428,183.65424331301546,Train
63.57826212282281,108.16806354453105,Train
279.12354267092604,246.92792173141243,Train
147.84770617307402,195.25217531022423,Train
372.633848042178,265.0566197108899,Train
193.5616659597972,152.2937912545197,Train
190.22979567196404,138.58062477646496,Train
271.98823717867833,254.53136263841702,Train
160.93699047994022,114.26646628770187,Train
214.4260555757495,112.86646664712126,Train
218.95543246610623,131.0529946434242,Train
263.42512115101056,209.81681258472972,Train
304.7851216304623,220.82250421387909,Train
226.4854339044617,209.01662549887723,Train
154.52605797300834,123.39664520770545,Train
248.15699383610277,194.4292802389359,Train
236.12824149374455,206.17601043134871,Train
243.7398009459339,168.47601774667288,Train
267.84167219267056,248.5922095428595,Train
169.48385523395493,185.720447737557,Train
304.02279075938816,287.72341633199306,Train
132.159767946852,169.2909885166872,Train
157.73188695044632,178.4516774845193,Train
226.38914777017135,239.23089821855322,Train
105.0315504060268,139.7212257446852,Train
151.35909485801278,186.9385222597507,Train
66.47178112612914,125.8979471779501,Train
205.61960921037624,224.04138494414664,Train
263.6025791107537,219.8498163447298,Train
235.5206908272619,224.05859012150856,Train
145.8739443599004,166.3267501479164,Train
133.26233970866957,221.71236293065033,Train
111.58587687356909,183.31686295518065,Train
89.5945558545992,126.6293490385951,Train
304.5883766517599,250.9749754375732,Train
182.21733926505104,171.16985937167172,Train
258.76541110674583,292.0676580972151,Train
97.72201476920837,151.90279210339463,Train
165.61891190466912,170.8500179222271,Train
303.5561025131278,277.86547968621505,Train
55.133586594584486,101.99973931336652,Train
159.9013641490393,177.27888724797904,Train
178.60943517649213,147.02449320236792,Train
260.70779967694307,203.93886002445046,Train
190.59645765039204,197.38508362967127,Train
305.675409096839,226.5007614626955,Train
160.7446540162841,184.62166507671358,Train
207.65419240872723,222.07006850351695,Train
103.75402427416839,153.31352038089665,Train
89.84414961260762,157.01960604600953,Train
391.3245684240449,207.3522523406558,Train
196.89528070848024,162.49872936568855,Train
266.2087641689374,285.6433509714376,Train
111.86941280218383,145.1691882324441,Train
137.1250235678422,155.8894085535347,Train
258.3255964659124,290.7708953620046,Train
142.2711314963944,116.75333035898122,Train
196.3616286592884,193.24787134345388,Train
141.29708795459425,145.29705303037605,Train
220.67750938231202,222.00334709186342,Train
243.4028929424416,202.29690385328126,Train
159.77323863498322,206.53033867931632,Train
155.28854645993647,210.2767608376706,Train
253.39881641730176,188.14980191757382,Train
194.40404850707893,133.757229425734,Train
166.9542427292679,155.67216054080114,Train
229.14939908386881,228.91262160359048,Train
149.63951757088154,173.8808919090957,Train
308.16597419502233,268.04525893490364,Train
143.691069299917,146.0396274596115,Train
133.61656612713068,142.51074431883964,Train
278.99246467666325,230.83716163536297,Train
63.91876494851486,105.70018451101828,Train
143.24546694268525,189.66730307409904,Train
107.47257065917485,158.4989133385298,Train
213.8500760979833,216.46985614008182,Train
222.9779832591106,260.7944401321714,Train
265.4062921425571,212.3051537128727,Train
175.23500274832242,174.2750319382043,Train
174.3641150764068,208.59088847630153,Train
101.44362912681007,157.24340162965484,Train
86.67354489953243,149.69089175036115,Train
355.4538623945736,250.67134549899544,Train
129.38458161193373,168.5519049697489,Train
287.98568038745674,277.0890949642891,Train
92.2231324585911,190.3344533759073,Train
118.03792057816825,156.53994520276603,Train
378.03004474618814,195.83131580512998,Train
73.14950496265068,140.84567150381824,Train
117.24630122755589,158.45637699137927,Train
79.47043354090394,156.73987943097302,Train
225.12190190269447,174.94121725232787,Train
170.6007063129279,196.1263056760996,Train
245.25684677160405,211.1111382422633,Train
160.34032327872274,185.01519556865384,Train
144.75113583428413,204.12100184016822,Train
163.83928443828825,142.86396069202283,Train
117.854769090735,170.62464961225604,Train
176.54758979162466,205.5667820885484,Train
101.56774654095682,203.92757425105583,Train
278.2494800240451,262.36728132653434,Train
152.16591018227814,170.31226733774662,Train
134.98026630945674,127.97742076715937,Train
290.39254840558084,282.72763118789385,Train
84.65275647065046,116.77202992106417,Train
165.26089050466538,185.48523968409708,Train
158.06695050762585,157.03761099859557,Train
221.6209364795318,231.81205970307442,Train
236.22284842038334,206.12230781044912,Train
282.3726863301801,216.42616086189497,Train
243.52045020892257,174.06636622618478,Train
228.51614005661034,204.80170250846612,Train
105.05975587324367,176.6065526582658,Train
106.60129765882253,158.05556854474082,Train
397.6407654133468,261.8814743764823,Train
192.07815913681645,174.1879704218183,Train
246.06445436507448,268.41039111894736,Train
89.03053073288896,163.26413208924106,Train
118.59114100999338,161.80043326408253,Train
209.0962851963876,209.0123701151281,Train
26.995963292071764,85.42326125083673,Train
96.94017529704571,171.97047661809046,Train
168.67892121130956,162.27584184382678,Train
202.6622010348633,228.7467923166265,Train
132.04001476770682,194.67404477821427,Train
220.3623624098404,207.44690561197464,Train
147.37924396126365,189.44503904036299,Train
183.29065942197684,207.73799486243996,Train
80.99660879197981,95.80086708512557,Train
66.94709207127276,132.95939891333447,Train
269.24210925985545,264.8364507184424,Train
183.88166035772812,205.1393421947404,Train
250.97546248502812,257.78293300377527,Train
114.34291137361048,126.43690175395753,Train
136.29498744452,138.29736032579115,Train
195.38169069775677,250.42520444413486,Train
67.60302113332075,88.94670472948843,Train
106.4589787512118,161.28574760308078,Train
73.24956355143017,163.2977234936017,Train
217.1747755339756,221.77441870513246,Train
217.2846146988483,202.7478234750591,Train
161.07908104604817,194.7022636126669,Train
204.30817457557526,179.05197594327024,Train
176.17189528742955,215.5632073936286,Train
118.67024318161103,163.97162638281915,Train
90.60321825811971,127.85345461404214,Train
287.6208205169555,225.39142410960267,Train
153.2230499581185,220.95353893621729,Train
298.0213571320829,291.8741738373925,Train
122.49841296523263,160.03714129210894,Train
133.54980626455557,146.02852499565466,Train
323.8255370300518,255.38424320582132,Train
94.47560526172123,103.21217627444327,Train
131.15001095956416,164.01968523801875,Train
103.09875412358016,152.0185555206432,Train
275.2718347537695,221.67410216906399,Train
234.31925285013222,211.19946348508793,Train
198.29100841266813,188.48203908043502,Train
155.2871014413773,190.19863501240087,Train
207.15753193625983,268.144961075508,Train
177.50229989731554,169.8832303237849,Train
128.97140532454455,158.84539382612135,Train
240.41484821794683,249.3735904588366,Train
201.73262857752246,128.74095325338615,Train
295.24820517107344,233.26523507699045,Train
123.28449232585037,188.6740888508965,Train
148.39647039960937,122.70123125599807,Train
234.7841393923502,294.54740693022626,Train
77.9474993040731,138.26170372789983,Train
94.73655013477801,154.7588030522562,Train
121.00129188446489,171.90816338902223,Train
241.4417245531337,206.77330533253527,Train
204.4078481407845,182.11868666398613,Train
202.74966264741732,224.76136157765964,Train
196.91716807303214,183.78934431096093,Train
218.76036441762892,191.3022643940748,Train
122.32925168120778,159.36349776485056,Train
116.22382986376837,159.7027995162019,Train
272.5440989653112,254.3146991087093,Train
175.4900589858359,159.96298089524527,Train
339.483310803909,267.31555026110954,Train
157.23833567733163,128.65216768368862,Train
266.5855003323624,133.31038246815856,Train
395.57480476900133,214.09047421803984,Train
140.65624898724815,176.35341835430248,Train
197.62983298710287,206.8999886563374,Train
222.79555676856583,156.38261435774143,Train
278.10342033163676,186.89356921607168,Train
263.45342367631565,199.6439928860009,Train
405.29556680260254,203.5845303222759,Train
204.1798497104975,175.49428542832337,Train
350.30627240000047,221.90300837632842,Train
125.82483487111152,147.65042595708383,Train
176.4855371238305,148.0304190630033,Train
443.1383791581574,202.13262165159938,Train
213.53336097409237,140.1831611057961,Train
292.3692559176378,258.62874094090097,Train
92.89888098850861,186.3511432515368,Train
101.01062382347061,163.72683115860218,Train
254.05448442252367,274.7138921511855,Train
56.780462785668036,120.98483483597818,Train
89.83855891290348,153.77610055255894,Train
94.5787728042301,155.7093103891919,Train
200.1511044596478,211.10985992599998,Train
201.45555387915664,194.28903563903413,Train
209.44212106275683,172.50218940940698,Train
149.2108060104479,197.52502130882866,Train
158.31160872223023,234.14132625394024,Train
150.29452919810382,176.25781341364538,Train
99.60956743806841,127.46697020632676,Train
154.6567234421242,315.06441892888313,Train
121.18599721027121,177.37540932656054,Train
302.1932386651972,256.94061218105037,Train
176.45503461622877,176.17134141998542,Train
152.96353337115022,135.98961040540803,Train
228.56873492996112,292.2575390888797,Train
69.72063929266191,103.01322511411401,Train
117.76924645925209,169.9206611614702,Train
95.1645564297322,166.47508176245762,Train
226.9565692041019,236.32930121230967,Train
212.49528478236124,211.4621977270766,Train
191.78070316451038,217.60859560209383,Train
158.16282435054913,182.16212523003284,Train
143.8416483404776,186.29369139256892,Train
106.1171751342956,164.4915456460014,Train
94.6894047320033,161.20856964078934,Train
268.8083371336008,273.4397812904109,Train
134.6239723390879,159.54236017107962,Train
231.27127167925713,305.5089115297229,Train
80.4923785685856,152.89908399571553,Train
92.49593762915454,169.5351612200613,Train
179.78194886096406,242.037281690642,Train
50.80041226401413,104.37737874560204,Train
101.40132783830481,177.5627498898297,Train
37.58469558383611,153.53667414272167,Train
188.3505155006079,196.01607894037286,Train
125.9987875886203,219.77218396537066,Train
122.82951184787328,197.5954602513995,Train
117.59268827836675,169.58442268932097,Train
130.58831688010088,213.13947729327853,Train
125.06639765307551,173.8483400752149,Train
69.17693059729072,108.08927009293222,Train
172.9199157127465,224.60804622924888,Train
141.24535299944287,165.78133544700808,Train
308.1261436835756,251.64580141194182,Train
146.62231023613037,183.73854310517217,Train
147.20483822810036,102.94939306822432,Train
257.7237276594856,233.74561594838326,Train
105.42897853028592,122.19514781361724,Train
157.5705908405016,168.79594421492806,Train
119.79856459013253,189.3768321154249,Train
240.26289977917855,249.82762868901676,Train
223.91359640763994,178.8002257002569,Train
168.75065447551654,192.45093536675017,Train
165.07407398280833,176.0508774615218,Train
275.88385492951545,185.7636043338908,Train
171.47999731563766,199.6960559912538,Train
107.71250114117517,135.6307423910613,Train
360.031366406128,296.1131625770667,Train
179.4365931104959,187.91671309079948,Train
353.0065105156925,287.77229179353174,Train
215.95092303349406,141.76712024447866,Train
226.61347822128027,148.7458848140434,Train
387.4441760790513,251.72096255642944,Train
123.74301660680707,84.81876351586257,Train
195.00999980454748,174.39534127066628,Train
178.44512567227264,121.56359963904498,Train
253.9483942099826,205.61042595044546,Train
206.6198054176773,224.82354956788697,Train
303.85935929535657,169.63206389335468,Train
274.76705584302084,211.32337841972767,Train
325.8428950606696,237.6615054260365,Train
190.03687694830333,168.9877370017445,Train
138.94900150592167,135.84427295039,Train
374.8792687335247,206.52104856563642,Train
232.1276786311125,162.97858553521638,Train
377.89184857856986,269.6364758101632,Train
125.59601094782525,141.59509333072924,Train
154.36186886939646,169.71446454515495,Train
344.4894223432833,247.227601980347,Train
122.67867136948594,56.6164711408029,Train
203.27961594800433,161.79392101963177,Train
105.74225607883842,151.51337386574906,Train
293.4665917619884,226.10786130171132,Train
208.90262299745388,207.23149613221918,Train
197.15034978523533,157.66694838993126,Train
140.95977212533228,195.11983459658185,Train
158.28089001774512,214.2097171780413,Train
160.9137034624736,165.661035498416,Train
161.80821245951796,131.9821740189438,Train
170.76441700887784,212.31278822338774,Train
261.9823171105535,187.01450127608092,Train
325.08049503023756,255.94780585888844,Train
202.95043329069637,114.04025625304618,Train
178.87836830355525,144.73866137008656,Train
257.4143000688145,266.1911779399739,Train
115.85822858647407,100.59647535835343,Train
186.11015385653383,143.82376989568073,Train
112.92007587899381,178.46836050193312,Train
234.38799465385415,221.53328808198467,Train
298.51391018111474,207.45512928302387,Train
211.1478224607755,159.6126479713854,Train
175.6397314928367,167.1071906879925,Train
200.389637277298,215.1484330923856,Train
134.19753981415957,174.511238584794,Train
137.01343910342155,148.41878471012168,Train
421.6373351450836,248.09894861031415,Train
224.01922793914605,224.12359483414298,Train
294.7506627826195,250.89371931025255,Train
206.84698355233985,184.34935399525688,Train
231.6687392686365,171.75473494730903,Train
326.86592993150924,263.1396389559194,Train
130.18855554095825,172.38977554680997,Train
223.33661609698368,200.3925412947969,Train
197.1601115995852,153.64195297894634,Train
252.90904204876296,234.25366644604688,Train
297.4834074445169,181.79023673574366,Train
341.0332077868473,185.06133666465416,Train
315.6584430757537,226.20470240274489,Train
285.4091133112364,182.48065419278817,Train
153.6852184932955,124.08765340113627,Train
125.23675862193065,125.60065520202244,Train
383.4637336971421,310.20977919168354,Train
208.06614371892982,132.17864444556005,Train
272.07637786737473,259.52265648699824,Train
135.2133032087313,157.83051794956415,Train
178.27993039413224,165.54005211922066,Train
277.72625942357746,253.3553035161093,Train
84.25229029706718,125.43928713051207,Train
159.25802301460106,185.13897721769413,Train
127.5434575761794,148.89923358141414,Train
222.55859398180212,227.96139125476685,Train
235.35343223146918,236.19543897162842,Train
271.27797232518054,247.47298249716815,Train
227.43221426293633,167.30908449314052,Train
323.2661580447364,232.47679929374738,Train
148.9298036705809,124.35401900053338,Train
140.52315114046982,145.35840692647554,Train
250.44620045440297,253.88927496347964,Train
208.84895161238052,172.98483887678515,Train
317.1856594672126,262.64982560352706,Train
148.2726149806531,194.43915718183806,Train
148.4233894371563,178.74110924027175,Train
258.8379828367222,236.14210691074192,Train
81.91639517935076,106.79476311178698,Train
134.25862646504225,168.00119531818143,Train
160.01467669379622,172.05040174081654,Train
231.9845458656131,240.77625403876033,Train
279.8182339804928,210.1488179044662,Train
247.86574103843515,226.99133775180235,Train
233.42706703944017,176.51710592941208,Train
199.7522119835079,209.29175217490405,Train
152.09117587063844,110.93426467947232,Train
156.94395870083162,122.79102840808565,Train
299.0105604740877,257.5993567812508,Train
203.7909811904064,190.85781176098035,Train
236.51666694841032,251.86204707666218,Train
78.98226543773625,106.14258429275226,Train
179.08110378160217,168.46360034074917,Train
230.56318198000798,221.87872612509972,Train
16.77850003295373,148.89393957282675,Train
104.02705794043939,194.78931686704982,Train
162.25885570246493,139.908128359925,Train
181.3238933190304,208.90928291091686,Train
160.5221707901357,206.70649372047365,Train
230.40368811578108,220.09258174051678,Train
171.51844529596622,151.1497040969395,Train
151.5164423306912,240.39844515051624,Train
71.69767921995623,152.34414648609578,Train
71.71215596376109,128.22265649710738,Train
288.4098725621059,259.9817045727619,Train
141.84082901499062,139.1612404718678,Train
275.7428467084107,291.83132258224225,Train
121.62582841331162,148.8736039763993,Train
129.96697473373365,162.8866834933524,Train
268.2162856696768,293.76432070029097,Train
112.52376122114084,94.77216605514992,Train
193.1394013881262,215.31715126124104,Train
112.81320617063274,147.92660099998227,Train
221.54517556866017,226.62796172259218,Train
200.13530958220878,172.14796972639812,Train
152.88360821127858,192.35774417248206,Train
102.19007145586946,163.84790648193186,Train
201.35469931598146,174.1837021607669,Train
194.87749179161446,146.2232391965374,Train
106.55844888276863,161.6157749248142,Train
232.49757058944394,218.54728480105692,Train
125.74485691164033,158.91765899957161,Train
377.45252504699283,240.01476619896277,Train
235.91811725080964,173.09413868958197,Train
249.0801656293246,150.4172161353191,Train
295.13867018253757,264.1856752293553,Train
228.4936309104486,170.91307977216434,Train
292.39504781305766,171.77652304861087,Train
292.9429208903649,159.72979705077006,Train
288.5872501423702,230.51800231719002,Train
332.17803556907353,200.16540670389472,Train
270.06527717047493,203.15387889645265,Train
261.84897494657434,164.35936791651181,Train
271.8291288973718,202.59035666599667,Train
294.7557390228675,183.82223543628413,Train
403.42880532306117,134.30973643464893,Train
392.3983277979529,291.242702621975,Train
244.5143064475427,202.61131526210238,Train
389.91881769981967,248.2484741845198,Train
155.5488735944274,165.43285204204264,Train
156.4082590003826,163.13903880562668,Train
394.59697391768526,286.12399437762275,Train
159.26501834633524,117.57276995000595,Train
200.46239228633266,200.45436770691927,Train
128.6390957376775,153.52596479295775,Train
232.89512870036987,198.14832056829638,Train
240.58049117440942,218.66338642583338,Train
176.89518315979643,220.43565473478137,Train
121.989204656531,171.2862201982741,Train
185.0625556646129,192.32866923853177,Train
194.26523618404224,166.78032329734833,Train
194.74724621481897,147.95125768888568,Train
274.35858575694317,236.659113853227,Train
208.3992548104145,122.54624696329202,Train
332.3684387289301,271.0201239247956,Train
163.25745927714732,145.62006585273937,Train
173.68899219009546,158.70150507817195,Train
376.9630374677746,280.9061230001438,Train
210.97959511018473,83.16423239605652,Train
248.33866511732566,166.4486546363043,Train
163.5402474891976,135.7509827578695,Train
220.83434222580058,240.35442242330612,Train
233.67094932713445,214.53797776002736,Train
204.15006879319924,181.8852454858332,Train
191.07170062399518,130.81144290603436,Train
248.33584481952192,215.9188565307887,Train
229.29250137977965,202.88004988171087,Train
212.6916703047684,136.17386027196898,Train
316.13335159448803,291.53091896578354,Train
217.61754524893863,181.5971217988507,Train
331.0978347733424,262.31652535199555,Train
156.0964834626712,152.1450436408114,Train
241.19369308563978,146.1028781653397,Train
380.93946364224814,264.0787963450565,Train
122.78379513249598,118.96450836789897,Train
198.9266875563835,172.78795469297754,Train
180.26814091391088,165.14672236024472,Train
278.5581552050777,234.77920764406187,Train
312.4967304298844,215.7226111027395,Train
304.1338665883308,175.74238149968295,Train
262.56956368041665,183.4327213842167,Train
298.4038217061423,222.46778605117606,Train
163.83664066550767,173.51766215556248,Train
156.36802055851263,117.05056747451734,Train
418.79796138515735,255.6027106052022,Train
188.4764631454416,184.00331041424226,Train
256.61055465489284,302.5204189683674,Train
70.92258284542213,121.50581623148598,Train
107.52877335475641,158.83836448852358,Train
187.57912618289532,239.94458568693432,Train
59.77364132983908,107.50716145483021,Train
82.86231879558753,163.9273308897712,Train
56.295158580141006,168.62316618106598,Train
193.57216068349902,229.7013351966358,Train
162.89332510566192,215.6177969505811,Train
161.65865184662977,187.19975293443156,Train
103.41814090640223,216.18907992406352,Train
131.32179228497958,236.79699509169154,Train
96.96960598236168,184.70982261784397,Train
62.311581998548604,147.23171293736542,Train
237.34772033354034,195.5937512489663,Train
168.1280209873368,198.48339594360684,Train
264.08054471137643,249.83880462693415,Train
134.71936739699436,169.66393894782152,Train
124.76165542656943,145.92988682856748,Train
270.25740880010176,242.79384179630696,Train
138.95662751759124,134.79426482626988,Train
182.709311579038,131.45233036613618,Train
120.81546098444193,154.53189574905815,Train
219.62507573380316,221.57196314586145,Train
243.58815582712162,185.83579291354636,Train
181.50470126439723,164.65829434003805,Train
118.42471204562995,200.74153975660093,Train
212.54818817081997,230.45782580286476,Train
189.12512963996733,185.38657384972177,Train
127.25553645307166,140.20987362299167,Train
205.08940861013338,237.33552459219527,Train
167.12674611115222,184.9575777378643,Train
258.41500699300303,238.91808096469478,Train
94.42818256987606,152.04708117010154,Train
187.40469432745437,148.66496275730302,Train
276.94454226573805,244.90308182764272,Train
27.747726384727102,137.97901866476877,Train
100.26424668442148,170.11818237861084,Train
155.69410316482129,149.02382264327142,Train
191.23729582592625,246.06528780096014,Train
180.99382466773665,230.19004074127616,Train
308.71368969025235,223.8035558583623,Train
236.99689089347345,162.28612559921504,Train
223.44342827739987,227.68023145022678,Train
85.70330184203164,206.0858049838409,Train
68.07651158736877,144.5511514677046,Train
381.61305751341115,280.8247552652731,Train
121.91293962015907,175.36000127154927,Train
307.0135694517298,276.76392944430563,Train
117.55883293664441,172.7935290746939,Train
132.18946548759044,180.2480570716784,Train
249.75546710456769,250.07118719729053,Train
113.95683778757619,76.80232430266207,Train
136.39357753661596,193.27884511153394,Train
96.91568635168704,141.1077626781317,Train
242.97316423278954,243.47018694093396,Train
175.2160111799232,195.1194953219106,Train
179.94422719308815,207.7699676341865,Train
121.35781227228446,179.75858091651753,Train
268.95676641751203,235.44012491621555,Train
182.09108962877093,135.48621821838847,Train
128.86078190606094,145.5194959808676,Train
270.61584324938235,227.47099563507615,Train
166.70627365873506,175.7970620976508,Train
314.28432088543866,275.5728187704975,Train
149.87758981739063,117.5769218084079,Train
192.7124614399142,154.2147367287543,Train
267.7889357530091,299.36186745461964,Train
136.4070127566755,106.21388721555115,Train
126.8666924509133,152.8699139399759,Train
174.06797483572262,168.60448068818965,Train
290.26085991110324,234.04925842537926,Train
267.8953476770554,195.7330013660001,Train
291.421438133579,184.8286652124049,Train
208.2391312806738,198.57274054118645,Train
264.04842711834027,252.2659702825366,Train
139.9993256465781,186.50468390000324,Train
98.94182686538724,176.97279613120327,Train
326.0259307747679,240.49498663704725,Train
186.70163737472012,172.4944488371765,Train
293.8431529944535,326.11439928515097,Train
86.88878052458509,161.8724666531619,Train
116.22201961436635,169.7773285470343,Train
178.84287026379724,252.200176686967,Train
66.85133247287784,95.36968081390188,Train
111.69740624160802,176.33057675065683,Train
129.2810915699879,162.70397148032276,Train
193.80238845801742,200.85457436149093,Train
183.11129690569658,198.8490751767271,Train
204.30781691302536,160.6813055503045,Train
204.89194848000375,176.33328030862822,Train
171.563691606632,248.885371619941,Train
105.37304629290966,162.32663439457565,Train
90.32001253883705,165.13883503439132,Train
252.05459034441418,228.70294625747462,Train
188.77677970964078,150.0330119528586,Train
355.96131417799944,236.5043271913999,Train
107.45571427743833,141.83456670922268,Train
108.51459504786392,142.3333682064227,Train
309.78795648927604,250.9093521097124,Train
87.92579860167477,104.16650220479673,Train
191.22812138505998,197.98989689434097,Train
112.19492483943179,158.95654336780586,Train
284.1262089647901,190.2001539209231,Train
190.07197376113487,209.06559703264946,Train
188.08221922846636,185.323811636037,Train
122.75694536678441,179.1712987931474,Train
96.2961521760889,185.96197123320158,Train
173.79983965638002,194.97428065974142,Train
108.16800780765765,85.90676596860197,Train
134.95065662992187,187.1610689936689,Train
167.6977861231726,118.44926463667825,Train
267.3241331024443,266.1471756813908,Train
175.93583840815722,158.6042722440642,Train
176.29597947231179,141.407976889312,Train
247.75455629490787,257.5007453756127,Train
150.91156887594553,91.65578578302129,Train
212.66701721542455,169.33563402500025,Train
206.92090131334515,169.66932739202397,Train
247.07322116970735,211.20117663803003,Train
243.87397678451097,212.75995254997497,Train
206.77316815775617,202.59819060175477,Train
118.620795289443,216.56288348874202,Train
268.8668581795711,223.9764488957407,Train
206.0113568281409,167.82182205870657,Train
209.70429123515225,115.78920231984866,Train
289.04566140060507,242.70031459661683,Train
144.0854673244994,190.65213411152857,Train
321.0073603985976,264.3658017993109,Train
135.0393443355258,121.19586662943138,Train
191.99503550904632,172.3378799043611,Train
253.17443391915901,241.80764094128338,Train
119.42753956586374,156.80670661509228,Train
154.054352449161,162.52996998914853,Train
150.5548725690502,150.97142103748976,Train
253.12909992553165,206.68272563630484,Train
319.3270345186053,154.54163462570145,Train
255.3486763482711,179.50578681388902,Train
299.8940254145292,152.61986458405434,Train
248.56308171737942,221.2857729363456,Train
158.4058452568218,156.85515255850322,Train
116.57231603285642,111.52709696819987,Train
242.76249404548327,209.02962271673618,Train
211.82637929470238,138.73915097039873,Train
315.4077198204853,257.9851314442592,Train
139.94164448895322,179.31397701861366,Train
144.04666258956735,161.80971847812162,Train
313.37277412232754,266.2047918833515,Train
108.21997908723388,101.45890506585899,Train
158.23827748428653,190.1498611241617,Train
140.37766931348511,151.75056972393946,Train
229.98815457482996,251.85994487940596,Train
255.9197332683209,195.78412812237968,Train
259.8224053939581,187.08083344609636,Train
203.1961709517413,178.31756523401222,Train
192.44102994167068,218.416748010345,Train
161.40698236374618,163.1576309540863,Train
165.39402821796784,145.24286709651489,Train
252.0021675043357,275.7158864837003,Train
147.5314002228496,178.386933812322,Train
284.7093536342407,253.12065592233932,Train
141.5930376616879,109.03840488976337,Train
167.24096404816362,145.35250654870154,Train
273.80313279366766,268.6694376097686,Train
118.62954389820014,68.32084281745912,Train
167.5701973617611,155.21202254434064,Train
171.0750931843504,173.24252102049172,Train
235.19423136596805,249.2532170353675,Train
207.67761190661415,240.9945810835419,Train
302.02523480628867,183.63641928938947,Train
240.6871000649915,189.00067694847658,Train
336.56320768272286,217.6313314998986,Train
165.10355765948253,171.3212421367743,Train
180.25814999527057,156.91800257436125,Train
383.0769846900871,232.18930259128473,Train
193.61006174393208,176.74002552448363,Train
271.23886356734033,295.65332755326534,Train
92.33720899568469,168.95089938518066,Train
209.566591796313,141.90151220057726,Train
284.8270119692254,228.70122939718664,Train
67.51846951442182,98.81602402254995,Train
128.4909644319021,191.38971274998084,Train
197.89449672166666,159.6134398928558,Train
276.4290663837151,215.1533831487294,Train
188.04467341804752,215.05036628605637,Train
336.29131782466413,192.05006357831476,Train
211.9189996035645,167.45461374480746,Train
241.57771875474913,274.42274406300606,Train
110.61747527821763,196.05013895413194,Train
142.7882691739701,157.43312659243355,Train
351.3901004420067,260.64439128289246,Train
250.62296908232724,186.0288811630301,Train
339.8702766876477,221.5414312207957,Train
119.15794872994384,189.6756573249679,Train
130.52011889676177,151.7306690840151,Train
324.2567871881014,309.4361264496704,Train
146.3179536039624,120.10243743308712,Train
205.7036181443454,190.88399578982137,Train
107.61378080924996,179.43137440066116,Train
182.7984415986761,193.85571778888425,Train
160.0076005126241,176.05680600912152,Train
161.04125755109382,217.15146736904137,Train
126.3994127140851,165.2881177224564,Train
155.83206600159792,241.69597587779225,Train
213.98921741363284,176.49269197997216,Train
184.3208669501891,116.54553586782951,Train
302.3770146112672,280.26235035649614,Train
164.95766039686683,144.7054206983989,Train
201.7774056653708,269.3880420439253,Train
72.24267179641465,163.27142238662307,Train
165.34697200920812,143.39189010292515,Train
244.49030630375114,182.40655588641332,Train
27.572674680043747,124.20488330628461,Train
118.344077138086,186.18482487911913,Train
159.10451367787778,157.44211783088366,Train
188.70398429941923,218.91980374163734,Train
125.24248900271026,205.83590145781295,Train
238.57002778775083,196.92714620115325,Train
142.28660065454093,223.0867335773627,Train
151.74220760308074,246.624929988835,Train
84.93684863337006,174.9326952013411,Train
67.52052374540901,166.25151894443485,Train
237.39323293919762,220.33094338440503,Train
153.55497621473563,178.08468851008513,Train
350.8007010080958,291.26912223875166,Train
161.641111132255,148.8467194523846,Train
158.35455143244442,167.44803514575696,Train
355.2910219086639,229.01456961111006,Train
168.30052256091335,105.98436337673715,Train
210.58305338919297,174.98561434443153,Train
158.03861439350254,159.96004329066525,Train
279.1172055738423,240.94681948914928,Train
259.8688269302122,213.88688199694215,Train
201.79347846261214,186.60016023513566,Train
158.79116017104195,195.6249371354574,Train
226.76187205550195,248.8286866509676,Train
210.4056141159922,187.87776980599511,Train
178.67238635251232,137.6760158914483,Train
234.11218876506257,203.0137276039652,Train
272.07502135364285,182.90286742758363,Train
285.7241289000687,224.09461979828163,Train
107.21699492253552,156.85025568649723,Train
122.29357395804763,150.41965435479796,Train
229.80386600660512,195.8364909356292,Train
87.79787106820788,139.31762020303205,Train
131.67558914285598,148.64324540394998,Train
131.13702023054947,155.32269796361436,Train
210.7821643312884,201.0959953612716,Train
184.76102144507263,186.64303006881485,Train
241.72359157190226,179.4088147771145,Train
150.6698747117772,163.54093543597705,Train
129.99987086469747,191.2993371447303,Train
130.36358003066306,156.93447497292468,Train
109.76100220967402,115.74157111766307,Train
178.09213740173044,224.53180272919218,Train
166.30698560683226,184.65562435655636,Train
314.0315696925241,267.1482621114974,Train
163.66507840312886,133.98926229456046,Train
171.55067928508726,163.76956650031298,Train
222.53837233839909,255.44966268406665,Train
101.7281575630643,136.8402752401184,Train
168.92003495908295,223.4566927892427,Train
55.21400452645513,155.11813041478652,Train
199.51006626518085,226.67194962946056,Train
236.75822017525996,233.93719801939164,Train
233.80846625669244,219.50187632334553,Train
147.61080450947856,183.11933520191474,Train
175.91523493361794,221.8332302834993,Train
126.22175752911095,147.8236523964438,Train
120.33037229595733,128.77162514513657,Train
332.5410792341571,252.35722267438297,Train
179.75387834371048,130.69511114265487,Train
276.16879686420907,295.3252944846924,Train
181.27051175880882,132.136808648243,Train
209.586785424713,162.5550280560184,Train
315.61761786192153,224.43681927555633,Train
117.1630090704346,155.5227986282767,Train
196.97295905025197,191.8109418831932,Train
163.0474678013739,129.6903440281215,Train
227.13653532380016,194.81741519716562,Train
296.1401616175309,222.2301356614276,Train
320.3583466825659,216.09479028593546,Train
251.14109051890551,210.46412350400138,Train
273.98839312654945,254.6717898886534,Train
181.70025450549795,211.92277678405756,Train
124.77667465575075,157.9370144072525,Train
393.71765357730794,199.91210994433237,Train
255.6231912701698,191.4449266030096,Train
238.8686720282824,265.0339219155888,Train
95.36004963524952,162.08249957677708,Train
135.30012432477852,141.9724463330854,Train
224.9888960968695,239.90389104887282,Train
35.77636495152217,136.02834890167378,Train
69.21253088873694,161.14323516859255,Train
83.79739390851351,146.08093213663906,Train
192.23095401085186,206.77399850583566,Train
175.76321119575226,218.78735882049767,Train
162.84416546321444,216.36808257472026,Train
158.02381681323845,188.59064960978586,Train
120.70216524582445,219.2759205225717,Train
97.77921076097236,152.09106097108787,Train
61.95495335868205,149.93960161397465,Train
271.52939303895374,270.6105489211235,Train
114.70252980178721,168.97095506632837,Train
307.7535398063771,272.43080564716354,Train
145.9385571633989,145.5791815663122,Train
178.04826336897202,183.18417471981908,Train
315.18265842309654,222.37907555445437,Train
178.29174232577213,90.81881682935419,Train
226.22551507699916,207.51363725066483,Train
146.08397667677718,164.29203869530104,Train
223.4671271251068,232.80690626760193,Train
279.5249664219874,239.27269962954793,Train
216.25749456741954,221.85607688668682,Train
150.56471156140282,179.04043200216458,Train
296.6466174039373,197.13740202497885,Train
226.80321209502318,149.09742396809546,Train
195.8344956346602,151.15070588594602,Train
251.69046802284856,238.80334278982514,Train
205.37112925958823,189.10944034239668,Train
253.74878584700872,266.92311803591633,Train
183.9968660221424,143.06123257806848,Train
184.97277340258944,114.43481933130045,Train
267.17650798835007,261.0083415368864,Train
117.70806977942395,81.51922981654164,Train
170.2174587758113,160.86343468898602,Train
153.8046749775122,198.53041535246254,Train
244.51971838452636,232.82405222119095,Train
184.062588996854,233.390873898072,Train
340.283286814495,218.97209759085845,Train
236.13181183744933,184.17670935946936,Train
234.20816406571726,236.33441960685315,Train
121.01234349929858,197.7030040643796,Train
137.3443501381933,138.29861466308475,Train
241.2041839824015,244.2866171643385,Train
177.0918450319229,178.24542906369703,Train
315.4909272836251,259.9789259373466,Train
133.00055012742249,170.24705636399338,Train
123.08259092132634,167.26739221549806,Train
237.43704966533645,240.56594486893874,Train
74.96392635945291,101.03229917846414,Train
112.71322100367559,204.43800950198803,Train
144.88493359800472,165.90957729169915,Train
236.9290641424401,217.1882896447664,Train
220.49561263698178,179.89858198861225,Train
219.1345790816298,220.01199731326994,Train
207.6459634763841,209.045463740844,Train
219.27976582124472,209.15563594025718,Train
131.88598611621168,129.20665628126636,Train
123.96462436128493,131.4430171590672,Train
257.46568055646446,251.59895829406787,Train
149.13915470175044,140.694846667565,Train
377.3122378390881,304.57088264141703,Train
180.21927252771667,122.96537958595674,Train
187.53743583796728,150.9831605190481,Train
373.01672776983986,242.29455964409243,Train
218.30714832333433,135.87946575139478,Train
241.05869749845078,161.61931096666675,Train
183.67137529518925,149.4401021795494,Train
262.79518171354965,194.34860139014071,Train
306.230116753532,185.91166729643112,Train
248.17618041513623,207.81525278216452,Train
195.03337269836248,132.9151199083122,Train
287.5016936032107,229.59185803280735,Train
224.58114312968098,155.32554078257198,Train
254.4217212777732,166.26376455873975,Train
300.0234280474873,200.67646647399292,Train
286.8362634388234,165.62200623475314,Train
377.02540507487674,253.901303356658,Train
221.99108380915158,188.72305759623066,Train
225.18606039002566,143.55706615044218,Train
274.9603348174989,227.75007163741765,Train
205.41390709157145,145.70998591038662,Train
242.99677721224322,170.03644737506514,Train
255.75894517951406,195.30316757545165,Train
292.3504109933842,241.8631793032486,Train
294.3211746538536,201.09995216606336,Train
255.02123616092217,202.5891904499602,Train
246.55059551459,157.77769128257083,Train
280.109252714857,229.45012525466376,Train
217.44720776172323,215.55726312995037,Train
259.4644606551886,140.39481588371598,Train
377.4610113952533,272.866379256555,Train
191.68685998191717,157.40315902317488,Train
234.50922205260747,236.7935325584349,Train
81.04862321049238,190.19938111653855,Train
139.02999533551042,144.89116412719196,Train
235.9033384276617,257.6471117061917,Train
8.718652486946084,127.37886288430721,Train
95.17593751336364,154.15261588532434,Train
117.27519350691425,169.6275631321196,Train
212.56642046759805,257.9230792564803,Train
215.49961839541493,182.11472296653176,Train
258.3747872903649,202.29814995104888,Train
149.74192715244794,186.91342840360562,Train
163.65103798166425,239.6412381032399,Train
78.55211977801369,177.17681624069672,Train
96.74517254149622,166.42339909894304,Train
244.13019627211173,243.6090546688171,Train
119.25719096986062,183.67442531174643,Train
279.73661577881666,261.870463272973,Train
97.77524172335211,149.43300405236187,Train
84.88676370369751,137.73717823294638,Train
331.3711817198527,270.8275934475149,Train
71.42849577181788,136.22311901348584,Train
131.75870585959285,237.43379223350928,Train
60.16181198317791,168.1170721701303,Train
246.88781414257284,205.14463116773516,Train
169.38671233777765,184.41872313207537,Train
235.75850656879237,203.60089300137858,Train
161.80319683561706,200.52016480325906,Train
137.22078313825165,203.31667237984394,Train
170.41126547669603,168.14384653688145,Train
115.07464385095041,149.35047335012388,Train
156.3609182610147,258.71944668398226,Train
132.9200887068888,156.803299798957,Train
191.21307010060252,265.8794827541899,Train
75.5619894761636,170.31647803311003,Train
98.20710893213932,138.99333283570658,Train
206.29842846853,256.5140944500643,Train
59.98594808533544,139.60109620834126,Train
83.8196677825557,164.98133612901623,Train
15.999587560190733,148.72708800693493,Train
215.97570741824052,217.06216285952885,Train
155.94802735670515,200.76504545871913,Train
115.91654737558463,210.5220118600038,Train
143.13126747487888,153.57272777558447,Train
81.49218765458785,228.70623877385555,Train
89.1993079147118,154.20744881911395,Train
45.852628255250394,157.63350327521613,Train
177.9021486762038,247.08805592854057,Train
153.8978691775721,161.7335921862019,Train
266.1175796477084,241.97549625137134,Train
140.2804877525598,162.79670442273726,Train
130.33553154149283,188.47521690542936,Train
224.03271101450724,310.7295275209666,Train
59.122026171603196,60.49804568928175,Train
143.8034770127806,183.65358525421294,Train
95.17706353803966,167.2165255460591,Train
172.59278574738016,222.53830374915867,Train
206.65064364080206,186.21489130098956,Train
161.65063721830558,150.65030165285094,Train
137.69276647989045,179.559892983553,Train
120.07703142555691,247.46368763447447,Train
93.05343205530512,164.31604368383793,Train
73.77196836913463,114.4054380672512,Train
305.13264036704544,219.13475875039268,Train
136.13544804903808,211.24149358792667,Train
226.5885549392949,282.40847487889204,Train
69.37182843103537,110.76450757491139,Train
144.61423689661524,134.32967695676217,Train
255.2657803360345,251.42677137186425,Train
26.126458749293178,136.86617533990153,Train
112.7462721363915,163.4046715223335,Train
123.12522049732887,152.0824641624673,Train
213.71330383210585,203.95052443501237,Train
129.3605221407223,178.66662474802536,Train
233.01687542317813,197.5067277691972,Train
159.6323636794732,197.96602413187878,Train
184.30698690960782,199.22554076680888,Train
80.2407451135818,152.49953182317466,Train
57.083638291395346,135.47064272556423,Train
263.2356664430482,233.64615219232687,Train
162.1468295685404,167.87279471412776,Train
269.0869731906182,252.4455221233025,Train
111.71796278348806,197.65893114900405,Train
126.91027849870046,125.21001671433305,Train
248.51392033625535,307.6391267921657,Train
73.32888829615301,134.26454387198308,Train
140.70518237839326,184.32975463296066,Train
86.64280258297606,178.63474880220946,Train
236.64174890990148,234.8996785802976,Train
196.25202135916925,206.05359000186283,Train
255.6236199307798,216.09056493521393,Train
151.20654462473289,141.49393718713708,Train
164.05079544102864,239.63229387925452,Train
125.10637237966675,169.37550934087443,Train
107.8732754406476,148.04569783807315,Train
256.551504623971,275.1169837485642,Train
123.49105992963709,172.2393181889602,Train
264.41229531110935,257.2796330560611,Train
124.23263120597589,152.64447933822,Train
156.97897576081715,161.21812382251863,Train
235.95132897563315,186.03152400603582,Train
80.44969085042372,108.58338519199745,Train
119.92406138518923,185.4621328178556,Train
130.72444057992925,138.19431445527582,Train
240.60082843464403,221.2204106951965,Train
296.60322494933354,231.42740650213597,Train
277.3816301239977,192.35751502458444,Train
272.8860439586366,205.5033271596561,Train
199.46646645325018,242.25932183127642,Train
146.72289760783852,187.78185459027213,Train
148.9553374224015,155.63834739754174,Train
246.06378589693924,217.69536328784673,Train
151.3982430314516,153.6267537338536,Train
315.1160490239489,290.9521159288121,Train
97.81590091721806,126.40988486166577,Train
116.1085042553846,162.17513938007335,Train
233.843859038448,239.6367262511409,Train
94.72196526640862,127.30442850469717,Train
127.14282293926627,182.79592799831153,Train
92.75643205702117,162.26248999260847,Train
227.81279261967302,197.08942266466357,Train
195.26190462722212,193.17345211577037,Train
167.65376807966823,190.17459180796695,Train
142.53838297701157,186.69264850740768,Train
245.2157493192518,238.65804823865184,Train
179.93586710638914,201.8255943331004,Train
100.34873633842388,149.23242426921973,Train
317.6043570153555,245.41716960451814,Train
156.90272913718428,138.72857631194705,Train
235.3431486146727,242.26337594707852,Train
134.11004730201245,158.5280834519806,Train
191.12396358293176,160.8254828249634,Train
287.03489745743065,242.08413012446908,Train
68.34284892550917,114.40807159478462,Train
191.64781798716734,216.20959474680237,Train
172.54980464240498,172.30039105926505,Train
279.14880889122236,241.43829399298173,Train
191.54483073361936,237.53282748241335,Train
256.9378701695959,229.70651043715233,Train
300.67792719915195,191.75318492496743,Train
252.41500182228785,227.19920079344536,Train
112.49909403900314,140.0633721307503,Train
129.43020384929815,147.66866887599178,Train
337.5083312531727,274.80468239616937,Train
260.3834762506269,175.6412420961667,Train
327.4358609182976,292.9651906850271,Train
190.7425985213384,123.4226832482914,Train
247.63486131967466,139.85908233521417,Train
397.6626493133062,253.20663487437355,Train
128.42596250223312,98.74855525520107,Train
208.52480088645532,153.64606642558542,Train
219.70916446597295,174.1843343065924,Train
283.77905324078597,247.54278681787753,Train
218.3844672108943,179.25573235880026,Train
334.675406376298,191.787415627906,Train
238.90187073699707,183.18529302691226,Train
304.16386029299144,225.21250730140736,Train
159.46137504428134,195.08337283444544,Train
165.99441499086637,127.63407348476625,Train
455.01298013274686,274.2807651715181,Train
199.81707046992267,143.41487780328197,Train
352.81405485308403,293.0601863893519,Train
181.0676231332995,135.04191004356426,Train
156.70837358392848,170.38853188668708,Train
249.63630620497082,259.1677382602419,Train
86.40142099642681,73.04542478807062,Train
165.40371795829623,197.36944596678103,Train
106.89319709057915,159.143830902441,Train
259.8198583932756,197.05641090572843,Train
266.48370186638545,230.75704326101143,Train
206.33472750990882,197.7493754929413,Train
199.42293532384588,158.13316436169356,Train
208.99832530819623,219.07683496649616,Train
113.96089746296009,158.96910029649925,Train
116.96065178813754,137.60355300616487,Train
367.7975882837285,204.73249138043232,Train
168.92170694973294,155.87561397235876,Train
242.55029126489103,284.9103865469566,Train
148.4833543108183,158.10009932625454,Train
103.8217117224426,148.77318019969704,Train
253.1153634997637,261.1791724899318,Train
65.76430964278175,101.63195902300352,Train
136.41855015149673,139.10602489002588,Train
88.82808502590855,171.34794483617839,Train
207.19291426601728,223.69457676006624,Train
182.46303787182296,230.48699335345339,Train
135.73845584332548,230.67536213715104,Train
94.66916818052485,204.5574828574208,Train
227.2551748834213,243.78262466859024,Train
149.19647595201445,183.19391635643112,Train
73.99307138630463,156.30223759860783,Train
316.99496118629173,235.63810755102168,Train
193.95214535197562,153.5393785763705,Train
268.6299813504479,232.26831221787972,Train
62.16742108097719,153.90545042130583,Train
105.98889225855459,146.94783413378178,Train
276.19439488317994,221.65389830762723,Train
60.033928954853295,148.6664458207441,Train
138.2574944735747,177.07673053359682,Train
46.76509143934412,137.41112226282794,Train
199.95671985216154,212.87145638844643,Train
99.43237971202696,183.1663469563203,Train
145.5920710189405,188.9928898596795,Train
137.88579377290188,209.0118378519637,Train
84.71354797391139,188.05580124322185,Train
124.32533362196888,162.7951856349019,Train
71.92115071707443,152.19492903874564,Train
99.00099925922792,272.36397738001403,Train
179.66487924842954,135.2338576482819,Train
288.4996418993317,258.2288118202179,Train
152.09625955042617,135.7073626856884,Train
135.4490446381442,175.66487873429384,Train
249.40799716248588,253.03202494732187,Train
114.22311712345102,122.67746429437935,Train
171.94440452103993,133.47554256280858,Train
140.1218593552524,161.5302027537298,Train
194.80548162608846,214.7427358738291,Train
239.74527133354803,204.1027331902297,Train
161.19122847763134,229.58908470650596,Train
161.44335305833818,177.38520516914267,Train
325.90164507566857,203.23151999134006,Train
164.56610452962258,187.86493666738266,Train
100.23673142020023,113.7788772266399,Train
258.2135257474014,216.36413184009146,Train
106.84648751122626,190.76721629755565,Train
110.65790827073585,210.26383406901877,Val
209.16059367809783,285.4545259548453,Val
188.00372567617308,147.94719697505076,Val
212.38730426496153,256.25010438679976,Val
132.70619930110342,187.2180314949556,Val
137.50454872384452,213.42595049351175,Val
116.44811438888584,165.67425932205884,Val
152.13689629622758,188.01492291228575,Val
104.41163391488074,171.85024554899414,Val
186.2439432145256,285.39146858686075,Val
164.51024841399982,163.92558833289806,Val
213.51054951330346,208.01601354308877,Val
86.08027628490409,183.05838667925983,Val
110.12322490947369,199.15835352605094,Val
113.1896455762343,109.46667425913245,Val
108.92953828518593,213.15295347666262,Val
129.21972034869233,207.9448628648045,Val
138.62197201346407,270.1721496248447,Val
156.12902317933265,122.02614259017943,Val
197.49087384629775,279.08193878885857,Val
60.39774839416354,181.28661661849333,Val
120.02719883678095,252.5089465074173,Val
126.13290233574546,119.31408671732477,Val
167.96485889105705,261.60637767549855,Val
11.064886652770738,149.63873216693418,Val
53.853950679489685,247.8796517077131,Val
77.78534499933717,134.3015820320777,Val
40.85906961231319,211.26741784213272,Val
56.4030959357319,204.07537011698227,Val
86.4437661511206,213.9653856710674,Val
157.47240639376207,88.13781531241472,Val
84.33901666365614,278.4735438285311,Val
186.74935914556215,189.9729829544343,Val
323.25542874965777,195.06696810857912,Val
229.49081836658402,112.77964641770863,Val
272.60552799634115,258.08701167570104,Val
77.27022497523811,186.7911124999577,Val
128.26182119037657,191.28384545708008,Val
173.32515346521862,142.12474295058243,Val
137.21022179976427,225.44650316177263,Val
41.13219751759439,166.46923868770142,Val
86.59843601005409,224.92891543912913,Val
111.45336785937988,176.55198861603077,Val
69.49699306557162,207.966657167226,Val
96.95834077100331,171.4554114335691,Val
131.73257452464532,182.90795168039412,Val
158.83720060276988,160.80473774843273,Val
125.42221900537719,224.70885089640663,Val
148.2552043016842,200.632519944573,Val
227.1510081391808,248.3220474600091,Val
213.3233799544928,124.09616774032033,Val
314.6723197476202,217.83841500632823,Val
52.30075262926677,190.09987956136223,Val
143.68268203950424,243.14501364852714,Val
126.94349440378627,143.2325364621737,Val
208.93318972211318,198.31140784834278,Val
189.46635006978676,130.11908764790155,Val
173.43915670016605,175.68627105735857,Val
195.60227512509283,159.16335923435648,Val
203.45570534456715,227.61576276991207,Val
113.43144369447266,179.56886779334212,Val
117.1306899400249,262.6918223394602,Val
162.5150780017076,189.60145739004835,Val
240.1346078795208,218.74446398384455,Val
133.40628646591367,175.5919242286469,Val
182.3075856963451,217.15333746371138,Val
179.4491783997745,95.35695384371537,Val
189.93106457620203,247.74051556436743,Val
141.9245981903062,196.00139647046868,Val
193.05464094214275,194.46303386806522,Val
146.2296458263911,144.66158228082864,Val
170.14961284305156,263.5358786768609,Val
77.31570255161301,210.90906135787657,Val
162.1472252136112,159.6347236078183,Val
152.52914959792824,126.84149877141007,Val
238.8614757045644,245.20815582825836,Val
77.36523933873184,161.26267494607862,Val
134.74006818494937,152.48948465998018,Val
124.59223307960961,125.50882112919564,Val
105.02173402271266,220.2165469754547,Val
116.76347882923169,210.7269688401104,Val
167.84672449059246,294.3217215684845,Val
159.47789612089863,183.64669291367144,Val
265.25699372015026,224.1398760963431,Val
21.91574536489057,179.09725031441275,Val
132.99436428134294,244.75205465590764,Val
112.51751710708511,219.10691875172736,Val
125.68520384211709,216.09651817379424,Val
68.55990658160881,149.38858906859906,Val
109.58139038742615,196.87526251301654,Val
141.18750137557072,125.08230340892322,Val
256.12823954604255,245.6879936621874,Val
111.97474640327131,227.41415628074193,Val
190.5912016951935,264.7639401419641,Val
127.48199445328888,132.63927815545858,Val
192.8471246775576,242.7696898909555,Val
104.01170992534256,169.04077463650668,Val
182.00905178383118,205.3211999491955,Val
164.48208456130186,182.31519222144217,Val
195.98080825775446,208.43024350674915,Val
179.97048257163544,175.95840832066037,Val
257.0497439507866,222.6520959885848,Val
205.72114511154558,157.53791111159256,Val
340.6346860539128,255.87905886775667,Val
61.49738874250927,168.27194344475123,Val
180.69089803883855,236.58144786083253,Val
155.71652509925886,108.42742705533026,Val
165.07426992377034,222.87930518072238,Val
106.18631034846472,185.3803391870204,Val
147.09535116173114,199.91338017263575,Val
142.90109477888726,170.7782593882717,Val
185.6535411999331,200.31573683867492,Val
41.703242457379815,251.0846567574328,Val
99.69358408655734,259.1263763326305,Val
114.6663778869753,171.3216730900127,Val
107.621623858634,249.9524558595591,Val
115.42818125427912,208.43514865084603,Val
146.65613083747758,239.16069544092142,Val
156.57044186009128,165.0362050785265,Val
189.27111432212016,212.1128547985875,Val
154.49423119868516,243.08828213388324,Val
264.1289264362425,301.6262284613989,Val
244.6317643437844,119.49992280981148,Val
329.1027449213112,253.65749762183867,Val
86.16191276454491,207.2232397159835,Val
145.90320397085225,250.28617677563767,Val
156.30619072947508,107.79951531810121,Val
119.47087304041382,258.5849779736985,Val
102.75911748560868,161.7936338765317,Val
198.90700378447167,200.96726242903048,Val
224.06288683573487,113.90011815239912,Val
202.02676663939823,239.82201684040714,Val
204.5439886872938,203.31192185884925,Val
272.797268602234,204.68132986564186,Val
286.53013327184306,199.46466226514863,Val
185.83140461440243,193.39827385685473,Val
204.14355946046874,303.9381674011983,Val
206.38541615057926,171.4675729835068,Val
231.75697468473425,229.69355510490303,Val
103.33522084978787,190.70465758273556,Val
187.693279452232,227.46966761860287,Val
188.065156997739,183.66755312425536,Val
229.40085348630865,233.95402148938894,Val
35.20502532241518,170.58600598396308,Val
133.35246148437975,210.93653589644308,Val
158.73313750088417,193.46990976584763,Val
116.24705337192837,244.76112434815377,Val
104.10030784935773,168.18166626861313,Val
162.31392340259634,216.14313324994157,Val
114.18570357135604,85.3817661217524,Val
149.7656483556368,165.63765822987344,Val
259.02674127183053,187.53966653449842,Val
343.8856322708163,234.61466764148636,Val
238.69097944450039,167.1094648243881,Val
310.24278279288245,216.34147573410075,Val
125.31925337523352,177.42866093948118,Val
220.06858145139995,206.52215499489813,Val
133.1972390389136,91.5755470621276,Val
141.90522613777478,207.86257281658348,Val
127.84425126812017,156.9315774819645,Val
247.01346965203263,195.69941387586158,Val
153.3752004006762,128.46616672046162,Val
230.8794435140506,226.6178082445206,Val
156.6535258393656,151.18365604236962,Val
232.32914946692927,193.8149962357502,Val
190.10333402813262,91.25329810896953,Val
237.17607952297564,207.17720323461214,Val
70.9524839599381,185.32592459154566,Val
127.12110925134422,290.08610534529043,Val
119.63389686155517,96.9171930212664,Val
157.34084679057082,267.478554537154,Val
131.66754895612843,153.59209479629928,Val
161.01181714506168,257.22306928047635,Val
122.8595506779522,85.62400286805227,Val
157.9107495547999,226.19453637323124,Val
92.92615790761207,183.7410693837758,Val
126.30271237577054,239.0893594480651,Val
184.94260302463442,135.64485670308778,Val
130.59582985420357,224.80461889828376,Val
99.2320731341191,173.7903450483351,Val
122.44324167553441,200.10628453557499,Val
139.73977928298098,111.15126725033164,Val
171.42168595645887,218.46863380157217,Val
188.8189466652437,147.7468141745874,Val
203.22785864633863,223.50800152796236,Val
222.578373318005,110.26616850707893,Val
179.32049068024276,244.02491653900884,Val
91.23658063451718,232.9018772227219,Val
162.78399311904315,230.75361690803484,Val
162.2690171632188,155.39668072482732,Val
165.29165276704416,268.0059906653991,Val
63.9593962874098,167.76688340133558,Val
146.08548712263365,185.24269132508044,Val
135.12605862884413,93.43121456919442,Val
83.93111080604112,212.03098487861527,Val
150.7237090068353,203.3148274017096,Val
199.7603864476127,197.74754125691888,Val
177.44549964683154,132.67597881713402,Val
195.77904860449195,264.3798205731442,Val
118.6139717805136,162.83391557395822,Val
191.67527150291707,261.9522305175782,Val
245.5102784619126,175.06749344597586,Val
188.41899265750055,199.88619317230612,Val
121.13172637350975,163.89420391511834,Val
164.75314595631596,188.2518454140969,Val
162.54565897126827,189.42339729823442,Val
143.90926541836689,253.84952707650288,Val
185.15738115680534,154.23021631444442,Val
159.26894292870702,240.3689656156094,Val
225.14474705963707,121.07443453062794,Val
172.78479354959563,277.58339730814663,Val
126.43687509493195,220.4422414988353,Val
183.93181847982044,227.3547529783802,Val
193.50779923699318,127.20841014630656,Val
160.76481736644982,252.9405145346096,Val
86.71280430698839,197.8213478394033,Val
218.14244634163148,201.357358175677,Val
149.04658650079614,148.5540070592632,Val
174.12522478448275,213.93125046524682,Val
65.55575357202338,206.32992647599048,Val
153.64556501106068,234.392191490821,Val
121.72441053184752,94.12668627718618,Val
143.04229013438396,257.6629777925939,Val
111.61088411825317,252.5289692533211,Val
173.06977705889364,254.47345401436348,Val
175.75170017556417,108.25434638639754,Val
151.50665346826466,247.67866213929193,Val
57.60554682497917,204.75872592357547,Val
133.0378210561715,216.9060367533521,Val
153.55380830040943,152.92930416357063,Val
128.2535085576925,222.00346812107225,Val
101.91876962461723,179.28842066705155,Val
154.3357530768775,259.164880220776,Val
184.05482870049127,146.6093036081581,Val
249.52599649545846,232.35268460675942,Val
174.94328773433574,197.41934899792034,Val
187.72794296980632,182.2193565393914,Val
183.3771569765812,150.44685201940266,Val
312.0409297546606,250.3598970440465,Val
49.27436364718258,181.74533244356013,Val
141.74489457513977,202.09805096270298,Val
157.96412258565903,115.9245443560319,Val
222.53204767874018,260.22861684309504,Val
150.6764793448791,158.11018386647962,Val
192.95651827872126,179.44047480087482,Val
163.1612460611147,98.20912628111688,Val
198.8406626920594,201.36517678796918,Val
206.45733328675794,188.89461990897576,Val
231.6506487469063,261.8875657704249,Val
250.22179141236816,147.51598409504516,Val
204.07076128314338,235.35121340592065,Val
99.98504679714257,194.16083597856058,Val
188.05335684264102,142.51437735129994,Val
183.7440848382459,216.35878969556413,Val
269.40723078395706,204.00268290575585,Val
172.8602274517814,211.24711512138646,Val
238.44532008636145,229.02036938426698,Val
185.04154134256342,137.2062584589968,Val
212.8488912203873,279.48602794344305,Val
205.4420064151803,222.9449634729237,Val
192.6264506950426,216.20196973347726,Val
200.8401928215041,145.40429044459628,Val
283.2832327945648,224.4502440371326,Val
38.17615663474257,190.18974364657737,Val
120.58709326675756,214.0912791057073,Val
140.7400008659057,127.63619762931967,Val
121.034879432187,213.44857782909244,Val
93.40215518857303,166.25797167278472,Val
100.10711770606686,229.50954460235852,Val
126.43497625937079,157.78293009867056,Val
148.93573084848464,200.26248927984625,Val
41.38978975935514,234.21047914467442,Val
97.97791042155298,208.73241507762717,Val
69.56223116416581,197.28084805112695,Val
70.5927519871932,240.12321381674553,Val
35.43039141511211,243.9987839158273,Val
98.21747046526755,324.5746340598648,Val
98.04668519950472,114.08852451500586,Val
197.66803561782314,245.55066140697562,Val
101.01712766787209,164.39406418789355,Val
130.94656074104307,216.47511839716475,Val
155.33512878805368,147.06584563260756,Val
166.48283180890354,203.67133582548848,Val
94.04194135764568,167.53556421122357,Val
134.60414890799666,190.56318679744055,Val
108.67768258069042,177.09490420853444,Val
92.21254237572681,223.92916356629968,Val
88.60870882593875,196.26020311252566,Val
146.94518328040064,239.0231549234316,Val
169.60766639483717,105.11679455761904,Val
155.19615816924835,260.0123077320777,Val
95.2938527039102,232.49637385338127,Val
112.47772771553328,271.93790317385304,Val
139.15435417205325,128.64219797517256,Val
171.8237320734706,283.68309672018665,Val
200.4556388416607,208.18054549262163,Val
182.57481902627407,310.65405946314377,Val
190.9910168044671,165.23977826745468,Val
205.0542321762398,226.18132704817634,Val
198.40668600239394,171.7818262651209,Val
263.18182673016054,217.3427017332775,Val
205.14249265322235,142.023188971626,Val
197.5386837715797,264.9143830708568,Val
131.4330077861507,165.70095046503016,Val
179.38149079298222,169.29921540235142,Val
159.81715597022713,83.00109305400372,Val
297.09000331788553,179.57134354891244,Val
84.2646238833565,233.7522002689573,Val
151.0323967804343,253.5345915919358,Val
147.15546404320884,139.05966355258843,Val
222.08382567168044,271.25418859630133,Val
60.512790684679004,217.64229003340986,Val
70.89473356797664,215.95715277368325,Val
132.06070789832208,146.46710975169134,Val
85.46071367571577,219.96353799985036,Val
118.63561671167471,180.71036819561007,Val
139.23091334874675,179.0422092507661,Val
128.03237742244238,118.16005359204897,Val
131.94000893276154,248.90461996226395,Val
191.66132944446323,185.0250253153755,Test
139.1258012146783,187.98655077341218,Test
228.03071957560664,230.5123593895061,Test
223.52608452724826,205.98387376056027,Test
353.4618960696031,241.33541785499824,Test
133.4381542026712,242.3887240493752,Test
117.50485892645257,233.7681271442003,Test
404.01201024094723,192.9172228478546,Test
215.25960814615522,195.13177605933882,Test
186.49765264207633,175.36536270592393,Test
107.37614372871093,245.65503727306077,Test
200.1450814060587,199.62946683760484,Test
173.25446567411973,234.46652718372403,Test
164.7445739823817,183.6611415784544,Test
181.22089444586942,153.7310682470947,Test
97.65010883781153,191.16744544238216,Test
197.17453947205394,307.5587731959209,Test
271.54418634859655,177.39080366551863,Test
358.20904946743934,288.81263677386164,Test
114.86912882858249,174.31910132670782,Test
104.67442443202575,214.2713726491727,Test
340.2249362777694,162.60106283118404,Test
217.77066436581327,224.83417357170498,Test
191.61160869615748,174.47930074271983,Test
150.09776926880178,195.7371259334406,Test
159.02914608374635,233.4073932769691,Test
223.65573914099122,118.72597303642237,Test
118.92754844053628,176.34581601868913,Test
171.3945739823817,207.7614218218049,Test
222.29484651243638,192.08549328589777,Test
110.36313941139873,225.45799504041378,Test
275.31542821019036,293.6246515576537,Test
314.65171290881136,220.8754927360186,Test
468.47199350726186,268.96936368564616,Test
133.37627000554178,226.8274437782992,Test
57.6645424036508,245.46210220654353,Test
202.48681070158943,173.70528371862747,Test
174.09307489935736,221.9930826730382,Test
125.45759099438126,246.3827146093885,Test
146.6080906887227,181.82725320820708,Test
110.33433438563755,206.3704810908153,Test
169.6445739823817,191.97987294078388,Test
58.4929030363285,174.94098788778274,Test
72.82973982966207,152.9647226630927,Test
147.04004866518673,190.7695158201044,Test
155.82382954290233,154.06870291388395,Test
333.331082462809,165.5368057875035,Test
116.06180742490672,200.5216930767311,Test
48.966004429195365,234.8329665351451,Test
172.29367347567512,161.04851202213453,Test
75.14481456434591,216.991755969063,Test
82.6694276952077,170.3397727651798,Test
81.4675128682605,209.64261759363197,Test
143.98907008350415,228.62666559462616,Test
86.83409934093896,198.21231090903842,Test
145.20260064056487,204.0881380264862,Test
72.69457398238166,205.40210381177982,Test
156.65752401435967,199.75127847463708,Test
133.02897368351836,184.72673670909856,Test
194.50522285377372,186.8313566364736,Test
163.63627152512566,206.18951002022652,Test
317.27211969757457,250.1826776743791,Test
138.81276737111995,254.47880562161274,Test
200.85821454576214,261.79019507438863,Test
347.6584612215011,198.4239566372653,Test
158.51350739833674,225.78054950645753,Test
148.2733530762691,193.58629782731202,Test
80.33799825529819,186.4380423041353,Test
143.08168711664644,222.7050735683805,Test
88.61073079896568,191.1344308321739,Test
176.9945739823817,206.2028634923067,Test
108.67306850271575,184.62204821727872,Test
84.40753117072148,188.80671618472283,Test
186.51824689507433,231.35021638502982,Test
179.10521567577436,154.7630021573773,Test
422.66843751282136,172.30922695269174,Test
86.30791240621538,235.4973793738918,Test
55.873640355956724,229.34277665940377,Test
287.61562136204503,192.980229361696,Test
142.4338554244805,246.0560258947342,Test
134.8283425432628,157.19247600950845,Test
91.54908271839243,219.33587395742668,Test
174.29607594986896,209.69819495049046,Test
26.06932223769283,208.74226913717467,Test
75.96882158186371,235.85437644708367,Test
134.6445739823817,199.33177584161257,Test
23.575124518417752,181.88593094843603,Test
98.03350971765093,161.26554356798735,Test
123.18422521001278,247.53760544192545,Test
139.6272709955031,199.3154006967208,Test
330.4126470741219,165.28518710143854,Test
52.940353445869334,204.4603695707471,Test
32.41039011074534,217.4043510491549,Test
208.97275706874996,164.0868507355549,Test
75.12745431988294,231.78956079366236,Test
140.4744818641447,168.11056699934846,Test
67.61383970153516,231.85402755407824,Test
111.34552783205379,198.04979866931697,Test
67.2695462557013,226.61624408003024,Test
105.2445739823817,194.80482869384298,Test
69.69359696080278,233.08460256577456,Test
143.63614728520207,218.828378781126,Test
206.066667636854,231.82465796662305,Test
210.7851580157586,199.49464713013379,Test
362.1916184219158,227.27035326335647,Test
74.73604885532554,214.23761541482767,Test
69.7684493159879,265.82553624934394,Test
310.18881980390296,211.15047205727785,Test
107.19716031907069,174.7836905664689,Test
144.693470861491,175.2821069494607,Test
102.07775143116383,227.34544128412318,Test
100.61022265226758,230.6502360649706,Test
137.79457398238162,207.12855000523967,Test
242.24955763892888,230.27691508543307,Test
189.17290729434728,205.6584389443092,Test
258.9755769625964,243.19610738392848,Test
338.9575666436763,202.6523685423215,Test
506.46887633758695,232.97152316987896,Test
193.45950604432826,216.9354419165757,Test
157.67945576390017,220.13224295942663,Test
203.4787254963029,261.47498248110156,Test
285.7073152415364,227.05416513402702,Test
228.31522499960036,204.08633826501438,Test
165.35245477049526,237.67457587015576,Test
333.7690045542208,228.65424534581746,Test
197.36487435077706,244.2081880538415,Test
178.24006416016397,178.3422831840351,Test
173.4945739823817,231.60648196404253,Test
238.66702619401352,246.41577469247164,Test
179.1455666479664,204.07634670718667,Test
181.94584316162292,345.0377760820496,Test
244.26785573498296,209.88324558766118,Test
532.0116043680467,267.707264063155,Test
211.82708906081405,192.2525325653372,Test
59.31430981328484,247.30417392500289,Test
188.2232666254593,213.80784945344612,Test
118.15638842891909,200.07179655507133,Test
153.6805534202045,197.0836674852821,Test
141.49409158188587,206.22666426569242,Test
129.13346475228207,214.30365087995116,Test
141.29457398238162,178.48947416150344,Test
50.32931162862957,217.25740586962428,Test
65.1503235485537,238.53983191414815,Test
95.76002882534375,314.9699248597236,Test
112.7584274590001,234.89408382095615,Test
218.3455194495224,247.30452025196305,Test
74.07130479691092,218.99658699569633,Test
2.9857835011654714,240.15463289740433,Test
247.28895556228622,240.6060138891498,Test
101.38082098027289,214.35939491985576,Test
128.76137975512577,188.90571764414955,Test
36.13063188684474,217.00851739077603,Test
76.38521622088105,188.02047399650985,Test
73.47054842319825,213.8231923697251,Test
116.79457398238164,220.89785567892474,Test
103.23762973246677,214.32138556961635,Test
79.33343278403886,198.64395322300456,Test
162.90962816009323,243.32004105861165,Test
183.16621586063042,211.75652063795349,Test
484.15319588564995,248.92174271039528,Test
106.87056823515206,211.586333404816,Test
19.068332909136544,236.1996286435809,Test
152.1464899076034,149.71058905242964,Test
168.70503923055284,227.03346089520713,Test
99.1939808779848,184.9320198006471,Test
99.36331484989928,220.61414854396787,Test
204.56304114629617,185.48069069799632,Test
128.49315976717543,171.6477195260696,Test
52.45367071253739,202.61153485401786,Test
126.2445739823817,181.36382224272455,Test
333.097827518563,240.09493379714422,Test
150.2999032673212,256.2134039269534,Test
305.6285469938948,264.1628432103648,Test
363.68375869828395,211.36128140652602,Test
445.5655383804884,256.0029884242118,Test
249.57388604050828,224.1665751078408,Test
185.55880167834363,235.87408638520355,Test
240.92028529399448,243.1949122884673,Test
211.60833688746067,203.65469714850826,Test
196.32295645874217,218.3678396218771,Test
173.36414400783934,231.2703426071584,Test
345.3818995347517,171.7375719439816,Test
198.57622303947971,209.7993963093267,Test
262.84711452202293,220.84986317222277,Test
255.7445739823817,221.9371432983734,Test
162.15176799448477,243.47012338528967,Test
88.79922922090105,197.21705936976429,Test
178.92557340136202,138.2319156899371,Test
299.8808005358677,182.68328294035132,Test
442.5649106244181,227.2345925912549,Test
109.97790366701332,223.54408658950865,Test
38.16977966365306,242.96486477979835,Test
143.1405386143377,153.7582266580409,Test
146.99018051906694,257.08061707663126,Test
114.81870537784101,171.186838164272,Test
64.12611319065967,271.2596269820002,Test
165.36240395752316,228.2651361644689,Test
69.57757767843138,211.15144104720682,Test
158.2716343533841,230.0367635413014,Test
88.44457398238166,307.12535056214784,Test
299.19944735858894,228.92066534888676,Test
204.23350116715824,236.96183817540637,Test
308.107866770275,333.685493979252,Test
307.37254416793945,241.29471037575235,Test
430.57753336015116,285.85083392170714,Test
168.8228343469106,204.69704844297638,Test
186.05844712821732,235.93699734739778,Test
263.7006080744734,217.6215406793296,Test
187.95715623942272,205.5697397043423,Test
231.6040161989195,190.68242070215015,Test
207.7411879529638,182.62144793453652,Test
325.6686715015556,207.20695282894926,Test
184.63646684469495,197.66431487646307,Test
164.7445739823817,213.2768631518744,Test
170.78927957346457,248.33369461174422,Test
184.77909308353878,218.98038019804176,Test
192.8540484097437,288.24662578880356,Test
226.51414555207904,232.1852181091664,Test
354.7093845105448,233.86189736279528,Test
142.0397652851412,205.27055807596903,Test
150.2552878758679,236.86493390206118,Test
311.10595228272547,251.03059629429757,Test
196.19175850571344,240.4172901812783,Test
238.46270654483186,215.35888996891697,Test
59.91879640008074,215.7056496601069,Test
244.01002807146025,164.95627002461052,Test
130.98640155897021,227.16736986806063,Test
109.69791686261065,210.7191483020863,Test
172.44457398238166,206.8479008741185,Test
160.90324422562765,158.91374557332188,Test
126.31571734805132,145.15993568877275,Test
184.518483943473,182.6410659695098,Test
196.56154401189283,201.90305832682395,Test
522.9448975533106,206.88353137088598,Test
116.11854456772643,159.8526298338211,Test
89.08248505514035,200.9436023923327,Test
182.8367190155523,192.9849754906586,Test
269.28124644896235,227.18150738737722,Test
85.21606735537051,174.87375148557538,Test
131.4911817347766,218.14237104540663,Test
221.55658958718084,221.88824479007204,Test
158.36229091258303,220.90129642158956,Test
140.70828571098335,240.0616725166006,Test
188.54457398238162,251.94976071569266,Test
219.31454199212374,255.2793180948805,Test
156.5244332736077,217.51151177310595,Test
184.77928668750366,235.26623787585234,Test
418.1738799125312,202.40250030928743,Test
117.91361972366275,222.09516154282235,Test
119.74832166720623,249.8386701352955,Test
222.77798574316162,236.49877769936177,Test
216.3026119515289,219.95974959666586,Test
171.02220029230796,187.37377203150467,Test
183.1867507654989,237.4354519268929,Test
253.1462633711019,233.38124047383945,Test
190.50073810911647,243.4166052682741,Test
183.55017497954316,171.94106256510003,Test
116.44457398238166,232.03377137000177,Test
178.59420353351936,257.39679549260313,Test
73.92733308479335,194.85768281797584,Test
202.0608643583863,238.1932801949934,Test
266.54479735429845,208.94770234063722,Test
478.07913207252926,244.92678949577933,Test
145.06386851307917,192.18267400619234,Test
99.44900667594797,232.09621704016075,Test
127.73454656113584,245.43201813904727,Test
164.47048816864265,212.5123409896061,Test
172.90683149846834,215.6525822853542,Test
91.0935765506131,228.0393706496573,Test
173.48072332507678,214.19538966950535,Test
131.66827182185955,230.5638995736105,Test
117.20622204096104,230.4767785202997,Test
170.69457398238166,214.86935333821913,Test
81.27857101425842,244.24692402928835,Test
74.71274405424685,168.84424503673264,Test
111.57425314267797,243.222771517,Test
194.66309827955172,228.86105466987453,Test
384.5292794648683,224.0691460392548,Test
106.47279669862743,188.8460172891606,Test
39.49364998082925,234.840025113497,Test
170.99183931147388,243.17766765499894,Test
100.21736469056124,204.56915176426227,Test
136.22022611809126,184.75671703912153,Test
148.1428266913374,173.9161585060634,Test
147.5945739823817,192.64672466814724,Test
240.53401728834734,212.45701505081195,Test
72.70896682548992,222.0927270886462,Test
168.1318423315779,308.39288426589854,Test
291.95264380661166,223.48701859998215,Test
430.1713712505906,284.5057060245059,Test
122.18802466351507,196.21210396098587,Test
77.45260404538513,254.74940311684264,Test
125.86510939620044,189.70376568417035,Test
158.22554071596124,209.61961099632518,Test
157.3838980046678,200.97808189248806,Test
136.9901812623197,237.5558026073324,Test
261.19439048891684,162.38785960945407,Test
155.14652568445973,184.77295783357374,Test
199.64658684894806,178.1999868937359,Test
167.8945739823817,218.97298277984976,Test
113.69742448643912,219.00171004391134,Test
128.70417904005092,199.15692664889613,Test
175.2554675029525,245.7830062796806,Test
507.19164615662544,253.52250152352755,Test
122.67653634739662,209.30291329747365,Test
66.85596044745773,254.9888261577022,Test
138.82991845680874,195.52204115894673,Test
201.04841037544963,232.0037585584897,Test
94.26143620338031,189.1346128879035,Test
139.7689959406008,210.10778969215923,Test
165.72108958711118,189.10799544817112,Test
99.66771714291147,186.84845580037975,Test
127.64457398238171,178.04626620991394,Test
132.7536048988415,227.04319388480215,Test
122.46359743396756,194.59730333632137,Test
173.80821715142093,280.0766286272684,Test
116.29983939774408,190.68568041834226,Test
110.03296784450623,252.43544971895818,Test
292.1007234735954,252.5425949317593,Test
186.29011627875565,192.7223169865648,Test
72.01175345482639,239.45276113017258,Test
145.2589093539496,239.0846796821819,Test
74.13442807700207,195.41425523977827,Test
174.54457398238162,228.36742338203322,Test
149.03659236799962,178.3734237033193,Test
127.65039752461485,165.7949963947496,Test
124.83854014740339,211.40111267384756,Test
305.8010202363651,195.17264833071272,Test
322.9878377915003,196.97347933304465,Test
148.74899281280867,219.89133849223384,Test
72.53448530029033,244.24558970562651,Test
260.94431525394526,222.14208248363542,Test
148.37848267377353,195.8992851658792,Test
238.48698755977506,160.67947522940048,Test
179.51982991194973,200.47460689739347,Test
248.6770097302978,196.48664327430689,Test
143.5585270148191,220.01719797730226,Test
54.91438176551382,210.10856464675607,Test
210.5945739823817,194.17376319101353,Test
193.20522287318903,209.30415546021823,Test
80.90532840760568,221.58374002371323,Test
197.8811248610043,281.6875855257679,Test
228.08261223338474,233.87321569372548,Test
431.90979052474734,248.7483582697746,Test
147.51265973509194,204.81219239137417,Test
102.1912198644184,231.70213540371813,Test
244.49547091272674,166.6964016300044,Test
172.62541288001734,216.10137976606538,Test
229.58104576628978,208.86234911913994,Test
133.61236957154415,203.74513563056985,Test
313.1193842957806,199.19709126070506,Test
144.05208993899902,133.2276267371571,Test
145.11048650119938,157.75726155346976,Test
166.4945739823817,242.58524181444187,Test
290.4403667778879,237.33754526687716,Test
115.338187283471,210.44318714718014,Test
276.2781475706622,248.48375487765514,Test
368.3102476394614,196.06665080637026,Test
562.5844874898686,277.88597843846276,Test
164.35086712188382,215.42462240848255,Test
136.45938653550706,250.44873429573892,Test
160.7600457307384,167.72302731970888,Test
249.50284470757754,212.141835091627,Test
212.2877834660249,180.275162344184,Test
126.11486200608032,248.6658957343971,Test
326.9840803277435,210.47549808082715,Test
165.99543843101492,236.09237311301715,Test
150.99893631589433,231.8505311663491,Test
174.8945739823817,178.2824077955888,Test
197.91413251237304,199.2036439927089,Test
93.23611286506696,199.56601590505065,Test
158.34021098185192,245.11871667452303,Test
278.426426862728,168.19644994573446,Test
537.8447605076954,128.88143720573055,Test
106.74521191675387,207.55141905811493,Test
62.07778108990344,246.81399220774722,Test
240.39246802714433,182.5493933357817,Test
146.08927272847615,232.9492726826227,Test
137.91819519389918,162.29660462444633,Test
62.9292354234133,216.94761505694882,Test
178.3723934170187,215.5482661247432,Test
84.19766917471523,215.78004809081455,Test
81.05506269650282,189.36834159567752,Test
111.54457398238164,239.94712290226227,Test
145.15269042486858,227.45383908682476,Test
61.648542453693736,228.9280486677024,Test
160.54109728640856,314.8321752153365,Test
206.63035492301313,229.22148987065646,Test
415.5163153635074,300.91256606305365,Test
79.17834465616481,230.47017660830625,Test
209.10441350832798,176.22645178303233,Test
148.32718516438098,198.62422276286463,Test
173.34665962432356,210.2884467680601,Test
90.96283688815579,249.16085808592658,Test
113.58529982748945,129.91383814953184,Test
95.04158550299074,183.6067483678907,Test
169.6445739823817,249.0336107681936,Test
53.70932200153315,205.92484023100045,Test
68.07947231567299,190.6674975954855,Test
133.5820748010533,249.46095515267314,Test
160.26712945767417,220.2855061414452,Test
201.6846362855356,235.17927544095213,Test
54.31700645498036,244.63432956862533,Test
202.58186979656352,203.20716849551278,Test
97.12918530938727,203.57812276762692,Test
131.3589529934515,176.34760982696298,Test
31.92117284875657,219.0200750071888,Test
144.96584487530197,172.12405556477955,Test
56.442969073087966,189.71748096769994,Test
15.552545442114521,266.52854554395583,Test
76.89457398238171,169.5376755635954,Test
179.30814822356422,216.35835433619124,Test
109.1815435644237,204.38520386789978,Test
147.94130034469822,297.3161694250166,Test
258.4874185643881,193.0496411703488,Test
366.96989822349326,270.5333437952178,Test
82.08873932201354,182.69320814777993,Test
111.19394185994895,254.61889741728066,Test
336.3355058372998,171.83597908903528,Test
196.27771811024698,170.4419818827699,Test
148.17836640584346,171.9889751377355,Test
162.41537614085513,180.82535539766948,Test
151.83874731528206,107.70045377223532,Test
89.84847992912421,168.58808843519688,Test
168.2445739823817,193.1160118721596,Test
293.1918681688228,189.2543228578151,Test
162.79913408631901,172.46922872821,Test
301.5745426738,211.7669901879785,Test
325.2180939312658,195.56917551599773,Test
470.67978785871617,156.00557144146347,Test
240.6096244561514,237.17621120210615,Test
167.35760372357134,240.95199157242845,Test
243.2237256609761,208.78122950648387,Test
216.2079902683655,223.13030277741922,Test
202.86039754573972,140.21385922386398,Test
186.3809474930987,163.18285577505424,Test
156.27647539777055,216.6443578967793,Test
152.4945739823817,191.17233731497203,Test
87.54725090366816,190.06129357845074,Test
171.1353243192383,181.94349151118382,Test
168.98509328712407,208.84184117543546,Test
191.69655780732575,173.47784937062636,Test
244.86971787984308,168.87991435108296,Test
127.9545735046761,228.66437756946462,Test
154.55112468182492,231.74665291933084,Test
426.85937141128954,204.60262700429226,Test
147.22931369306974,235.16520106396138,Test
143.76095152716573,156.95553753428825,Test
215.20428491357745,180.35567438536378,Test
201.32603834334816,210.02332525832782,Test
174.8945739823817,183.20263350400305,Test
217.848643195462,199.17058400022353,Test
179.82851650392598,182.4851072105755,Test
232.1663865647903,238.8012254151569,Test
193.9122533780547,196.18059376817286,Test
361.16611694371943,166.96102288762268,Test
161.74783433224982,232.06033810989473,Test
382.37568815511537,248.43587295122748,Test
183.76153873038118,258.6984649737461,Test
219.70538605804722,185.90787083004633,Test
125.1572301381136,240.55834966401542,Test
216.16707097058023,205.42408055954783,Test
171.78490855544715,231.94844968571226,Test
170.3445739823817,236.40586337593788,Test
347.85971802651187,152.2323297512361,Test
292.79519237557844,275.1127685035309,Test
344.75108196997604,224.12672186226376,Test
106.67136043262636,253.8586214886149,Test
239.92898981332885,156.51063302577197,Test
257.0120541406077,194.32206474145372,Test
197.1205534144628,186.07626072716093,Test
143.5544876348941,230.15270848076182,Test
365.1138568019017,187.18600884670454,Test
226.89866091548544,140.1084401572221,Test
214.00889997564548,181.00074511868075,Test
173.8445739823817,206.9074634355843,Test
274.30823506293353,228.99439922122548,Test
141.18919728517727,213.21671710867645,Test
273.74986135146537,301.0007836320254,Test
332.49022726179777,249.6999839547029,Test
434.31029501617445,224.60459017290398,Test
206.11006461459561,194.65637201495093,Test
107.43953605706106,236.09541675560712,Test
206.54870934357092,219.28225317327835,Test
226.58758447412515,230.77801567269947,Test
181.9061614487236,214.97797628253682,Test
153.35444026736647,193.8787130365434,Test
322.23242093005376,207.02228223070853,Test
183.49010343678532,198.07145119784747,Test
208.9274877875613,169.09129223779712,Test
187.1445739823817,229.07532152882783,Test
235.40036891794102,224.54134287625092,Test
153.91370329263617,204.72267027942343,Test
253.74085661039402,285.5351546218842,Test
365.4818288712146,236.7015464571494,Test
553.186620075098,254.7102096464281,Test
157.455230222044,216.53734541979026,Test
114.5376593120528,204.04460641864338,Test
242.7839073451244,200.85591525803386,Test
217.74397432125852,212.94471655116308,Test
173.11786024045557,201.12280854573126,Test
207.1070889080378,149.79423183722633,Test
160.772431656423,173.4730583409423,Test
210.00159334787097,186.17371343890977,Test
181.19457398238166,243.085176154971,Test
130.49420909751262,207.82227159848264,Test
131.1246046776368,273.64150457201134,Test
149.9882401123008,207.44005372955357,Test
488.8152305452485,283.93650951924036,Test
115.7785855435323,227.91256402303043,Test
74.57518039635595,274.00786238619656,Test
186.35501510371955,188.37641785084207,Test
176.01808966562294,209.71352495549505,Test
131.41440408206628,209.68258634794032,Test
157.89395835304947,202.7227162740438,Test
147.2527864586358,186.2312642347958,Test
99.63206029323871,227.4252072813394,Test
123.79457398238164,190.21925842847642,Test
204.3037577554387,211.95586130509093,Test
152.50003177076175,172.72716374092866,Test
135.4044704016059,209.3555192281048,Test
196.06707364797109,177.6325665573028,Test
371.93784150985744,158.31522936075908,Test
125.41677398726495,220.57320435354376,Test
144.60387108019344,188.2447232960354,Test
161.74913278864304,166.35885417901105,Test
191.2025591126138,216.5814958899994,Test
176.61415005210569,163.37584550353236,Test
155.08390560711865,240.15424740784783,Test
184.71182577765285,198.486527901708,Test
195.8479105637079,230.7042216749682,Test
148.2421599652843,229.0218946435323,Test
148.9945739823817,180.0132204847366,Test
346.4410423159626,149.96663204752642,Test
281.1357580137408,236.33122162124647,Test
320.8269298862171,268.733695084143,Test
320.9645579333915,186.02921808155804,Test
432.7486421552639,300.4884350724098,Test
235.47918255183436,206.93709275393374,Test
251.356179123103,244.7907589761184,Test
260.2296318690696,145.9891694738788,Test
320.5495407897343,239.59014728632945,Test
297.21590588509696,208.0996686806386,Test
301.87872715515766,223.3821095517175,Test
337.33800459991653,155.32437745500516,Test
306.29373821937355,128.32542451211492,Test
249.69592801352857,200.7505077275847,Test
192.04457398238162,222.94112638691104,Test
139.44254274798348,190.79095473287168,Test
156.9591888695395,147.67699024167777,Test
184.30516450244284,177.89046706098796,Test
198.3804696466937,177.25260750016642,Test
189.73510430229192,192.9486734589832,Test
209.8190684692375,190.3650157733744,Test
173.58236214753055,218.23921773122288,Test
269.674985337171,152.96238974672005,Test
152.99693803815882,215.9847849185557,Test
91.99822025049409,158.0074945488113,Test
203.52804395558445,235.2845192586079,Test
173.4945739823817,231.71877334090175,Test
225.07619899215592,201.80718324333264,Test
209.46546683499233,185.80683772131738,Test
168.9972470425596,229.70091748415743,Test
249.97153961485787,182.55712672707782,Test
336.538344551887,142.50742789524367,Test
243.54766185364718,213.38824045525226,Test
187.64949152013833,242.07961824834385,Test
251.09383355136038,180.3139250011855,Test
268.33068794731344,237.4240072516745,Test
250.56005470799738,161.36714797399546,Test
240.13193383341238,189.72493929478702,Test
283.59632532355823,234.55208590901978,Test
289.95322917843504,220.0748405386812,Test
217.552645398043,196.96149605956197,Test
218.9945739823817,267.0565215818302,Test
218.14738595145832,185.06885704340854,Test
144.91725331358072,166.80838276581977,Test
240.0856816093427,183.4026301899815,Test
284.55267083874446,195.55802652011593,Test
556.2182210017859,181.06629283532854,Test
89.5950041287876,228.3525686062777,Test
139.15623709274803,161.31118421595878,Test
265.06603099034805,240.87998091081693,Test
164.22438582158787,143.24191733786895,Test
114.18130158646724,239.60343985756285,Test
337.5367782849864,236.15253804870682,Test
160.19081591714507,231.1309681064226,Test
136.5434144829435,215.2155584117671,Test
226.3445739823817,236.3121545291013,Test
100.5919590383913,175.93623717685568,Test
122.28723360501657,175.4235645757967,Test
132.1266704904467,213.29282692989455,Test
181.91026969468157,187.59235938869173,Test
317.48803121772124,130.50596727728578,Test
111.15995505956572,228.89745992241097,Test
65.52604122021502,252.7740902689314,Test
283.83628969966895,228.30310647859136,Test
135.04070049792784,255.40127733247468,Test
198.03927361499152,160.0410897907604,Test
67.18200905085997,213.39913857638606,Test
237.01890680553316,205.5703271752307,Test
84.89996687901122,231.59804176702983,Test
52.52518927129404,203.06065235286042,Test
144.79457398238162,239.18574073928858,Test
165.3654137756049,193.60455094399086,Test
172.87354334036706,189.83484450456265,Test
147.8851382490864,214.4677395598442,Test
177.90019850176304,169.7348999712107,Test
395.9187240983968,141.67478233706407,Test
147.44071503898792,222.358693656402,Test
112.16617132353608,255.93685713755576,Test
258.5950929520416,207.0978254996285,Test
177.92747992450427,246.62757237682015,Test
115.16333224092416,150.12513859067747,Test
170.75264990130128,218.7084720157923,Test
243.5454329056355,217.85266363124998,Test
187.241681253927,201.68349324905523,Test
160.3913949461758,212.8605199444944,Test
140.2445739823817,213.73724875969995,Test
151.56239286447797,243.26905468172487,Test
100.49229205545782,232.83718890842408,Test
187.735527427143,327.4624931421092,Test
229.19209897953357,211.39338112876095,Test
542.3120067126295,283.05316945066613,Test
85.84183072093711,260.73112762963484,Test
231.50174699614894,191.18440202624282,Test
200.8249994520662,246.7495809539953,Test
141.06151290601665,261.28381187999764,Test
132.30137108278842,180.25132819483912,Test
79.89130444223241,176.82940302880473,Test
172.0945739823817,251.31334492954264,Test
150.988961695968,182.6481167568551,Test
150.89160650150848,166.19524050995525,Test
179.17962037308018,226.65747386591087,Test
259.6530033106833,191.03190434902052,Test
302.01175531431755,138.25653682291406,Test
141.40587638398324,203.5620179519443,Test
142.1853665196801,213.812535386682,Test
281.9502257214083,192.30702069438874,Test
189.0004539891678,226.69711272692075,Test
182.53605132295854,164.8989180123035,Test
118.70701772278052,225.48577048352158,Test
170.35505772051846,211.09675906931835,Test
152.4945739823817,234.33796945009237,Test
212.40421073305203,213.89235910953082,Test
181.12953347643275,164.0822762740089,Test
242.2964589103849,285.4368653320419,Test
297.9049870349084,173.267838941129,Test
585.6051178500034,152.33539693254943,Test
100.19685135566975,192.76020396312737,Test
124.78018755190763,242.56658903621042,Test
208.5551264387169,234.83310183572314,Test
209.42166801609756,203.4306336280944,Test
232.02981228404968,199.5295312585584,Test
150.72955924257317,234.7802930712251,Test
325.6709088916682,210.54805663522416,Test
213.6538612313347,224.76357994358128,Test
170.27841626157243,183.62404570414878,Test
233.69457398238166,224.23837695327947,Test
243.25189993051907,191.4413960314238,Test
107.04975865364366,201.23922934998424,Test
225.68522893641793,241.40168077705167,Test
338.05831077884187,233.70645624884315,Test
593.6190041809155,187.26027434119746,Test
119.81730914263862,228.0117605885033,Test
67.10322566401142,243.27436535010563,Test
220.226753745034,234.48599944465735,Test
190.68789338570613,185.7188364888579,Test
188.48664458602786,191.8468312037609,Test
97.42300734599938,198.76044793809768,Test
144.30856754489128,209.8896732331736,Test
125.10776498381169,207.75669050613803,Test
152.1445739823817,196.08244617456089,Test
71.9506436542246,183.68783180591046,Test
89.38465717339467,137.37649794177156,Test
138.68315136355127,169.37616333282458,Test
158.24612622469442,167.83448717027514,Test
283.1735817568242,174.0724461910961,Test
144.91551795994042,192.64520140164615,Test
113.42193483404328,217.36182000082783,Test
380.14283237913264,167.9004678544927,Test
58.878210595208586,187.80261016630664,Test
68.72806948227105,168.38445132151475,Test
93.29240904032004,228.420053082299,Test
158.12122926935558,231.57433308922,Test
128.46453016937778,208.4573014774353,Test
171.2723117403865,170.71087250473917,Test
101.04457398238164,186.6709336577113,Test
255.11103332059406,187.77912059324095,Test
188.4914537951375,193.10325001992803,Test
232.52031002812254,290.69263836874984,Test
276.24760201954905,202.8074515849055,Test
374.9733297694171,222.12733338460333,Test
177.64749327772677,223.39198787441103,Test
168.3200925444778,254.67651410101365,Test
195.44112756967047,217.20229416475235,Test
223.6605983533047,236.51577307648722,Test
166.52850489538034,179.83411007733986,Test
190.64484719589757,219.05757078007642,Test
167.20962525485635,232.40406189503761,Test
189.32283907225656,204.2385376833241,Test
153.3844886480983,183.49497492045717,Test
120.29457398238164,275.93451976402383,Test
250.00141408968045,198.04326440941344,Test
197.15754275845276,236.28600090606403,Test
237.43737866381713,189.69990354365126,Test
322.19092180577377,208.77968605215065,Test
605.7681721843227,255.92506141249984,Test
235.91912979946363,217.50055344725547,Test
195.2421667395223,154.0141909189529,Test
214.6642460644399,202.7214574736985,Test
236.9100326259497,184.1835170882733,Test
185.67952642405174,220.43856242630523,Test
214.18963573003228,175.46830871215676,Test
166.88025123791078,210.59279326742754,Test
199.3945739823817,174.6540934450849,Test
201.9439652976115,219.94294365733143,Test
135.0497586090023,244.99512973221954,Test
159.52664535253922,294.0218343780099,Test
223.2246255282223,209.80544955673238,Test
525.2936991360517,276.2188231146626,Test
150.833866176027,189.8802229491454,Test
207.3274805524161,176.64270221925307,Test
137.08092788882993,207.98409942012216,Test
158.55546865739,192.5592421964974,Test
116.00110285809602,209.2338365625971,Test
171.4678304909482,170.28694342698407,Test
115.65565155594662,173.27491760871592,Test
175.94457398238166,220.3423042631773,Test
192.93908239858254,173.50343831484614,Test
144.9076136065979,164.92236434075085,Test
252.3403871736416,251.7279963031057,Test
270.23740309971373,151.3551995564073,Test
145.46390503210046,209.3123261174192,Test
145.868588195743,181.2287814650461,Test
171.35145259064092,211.53623198731066,Test
214.44457398238166,196.32516990767232,Test
178.45287286819047,184.68998254072574,Test
178.6719657422151,230.54364471534632,Test
217.07209598852387,263.4273415346444,Test
540.7154685979933,201.2119901214352,Test
158.50871096115407,237.34931305379516,Test
160.2829906965989,253.10854528190174,Test
259.8246622843404,219.77857035174014,Test
167.73045392723185,210.80722580002777,Test
234.3945739823817,199.49723779625126,Test
134.12836119269087,157.6018092023158,Test
179.55599572542064,204.62358779425566,Test
143.80812838267207,259.5256613150565,Test
203.63475916444546,152.53885227203358,Test
166.53588807074027,305.4701446899785,Test
131.21151510155664,179.5903913166337,Test
140.71164025689512,232.2885201867494,Test
237.38626353675494,181.44281944456355,Test
168.1853849411366,197.05974461794236,Test
130.15900447003992,161.16042100799424,Test
151.6571221234648,216.75536295382818,Test
161.9797379014115,209.81399914446703,Test
165.67685180388003,165.76350369462506,Test
187.59846383086995,173.06929704536867,Test
159.1445739823817,226.99127665674217,Test
156.34920381867,254.72065433819827,Test
97.59515158470562,225.27181895177424,Test
208.2801334324909,210.83869839352676,Test
195.1041493620257,169.45549229715368,Test
473.8671993733101,199.8113666541957,Test
69.46928346634415,217.2341990458736,Test
62.360401641127666,240.46263984931062,Test
94.84055389766087,211.4585257704458,Test
264.9097402359437,200.67278971520793,Test
111.61796065597608,190.47541519382793,Test
147.71521515775802,200.2355994037985,Test
175.10150374128952,168.74585785057732,Test
104.87682640657054,228.2618311258936,Test
39.591183153601335,201.3134675572768,Test
140.94457398238166,190.167250128242,Test
135.33463693699525,180.97156885702262,Test
211.93565058175602,197.7450432646192,Test
158.3596944025468,194.14773496145617,Test
205.6067683993677,193.64201677206106,Test
361.7268725722186,138.83513313450914,Test
186.07000692109963,224.65608420494155,Test
218.33617144601075,230.16905501601124,Test
386.07536614695175,206.8255892574862,Test
220.9875910239229,247.46568598596508,Test
131.87284607692425,178.7867841719274,Test
198.53113130595557,140.761290058806,Test
233.71244671101704,197.93509377919335,Test
199.61679229210853,242.84541931180758,Test
195.19457398238166,226.87335402211005,Test
183.83692182802102,191.205558170204,Test
117.65404811139483,206.73900085057602,Test
164.904887407814,235.24960729392316,Test
235.98943971727846,178.7456304094963,Test
526.9077050397884,254.04022571720776,Test
109.80968337534364,207.26448468044163,Test
61.645374723944244,228.23148712170314,Test
240.66477908559023,159.4738586388912,Test
149.40472684801816,182.61654754968578,Test
98.22527024880011,210.72230943039764,Test
167.82952666262753,221.26761260350244,Test
125.11749608950028,169.31426579347314,Test
123.03917852941817,205.77689201137787,Test
114.69457398238166,170.52852415695634,Test
193.949256461779,166.09114364940612,Test
110.42460859945315,214.2486055470016,Test
174.3020529084808,293.97188743818083,Test
229.48158938886172,195.00976597091744,Test
409.66321804059635,258.5737860531068,Test
146.7969388636842,258.39574010674033,Test
125.48275185812565,227.3133706368866,Test
255.07065702392043,200.3630803730864,Test
189.4106543610688,221.7303026859259,Test
184.00274386957065,205.3068192487171,Test
138.7469255494259,268.70007650820554,Test
196.7931994006347,173.68709855549392,Test
157.94156542319672,229.62445754542225,Test
92.19202361711247,205.02547784197571,Test
178.7445739823817,183.5919593553231,Test
271.31926130404435,229.26761341187336,Test
162.01215162473267,273.01681188849176,Test
267.61960071672513,256.6972025034913,Test
352.94160858002226,200.42007574920558,Test
400.12817521462375,269.99736644379925,Test
165.2293006205296,237.4786722371997,Test
143.14498479773994,252.09711530082,Test
218.0252277462547,210.836456852819,Test
227.1200294660737,204.5126939071966,Test
135.4293899571973,188.97856545444913,Test
152.2533092196254,209.32736038185482,Test
180.69482405839466,225.95080965121977,Test
204.91241963473595,186.76394274853402,Test
233.69457398238166,168.29234518862802,Test
108.29866985438298,241.71123946068997,Test
66.91398911258784,174.37785149165106,Test
192.17800545335442,256.5909998775396,Test
234.54071887668306,201.3010752943262,Test
458.95212938257345,244.4521233421014,Test
67.76223697102591,216.1810596079111,Test
62.671041642040066,232.21355493691,Test
167.1785433956163,209.7013357869668,Test
108.28474223175408,208.6827531369549,Test
128.18963815045402,193.23967194317268,Test
71.49323115171573,221.35790735601614,Test
163.2455212355394,199.90566423486126,Test
94.74650840192498,213.00616805503356,Test
119.39619265087246,167.08788371202868,Test
133.94457398238166,202.4391860200264,Test
222.9947681715553,167.54315370189917,Test
152.32356249960247,154.58308424094497,Test
181.77704567620094,215.27575545814994,Test
210.20521770135073,173.53649208165277,Test
283.8080785750517,163.57344058028283,Test
206.23562829730398,182.13976168764543,Test
202.53786686810759,218.7838519185445,Test
241.5647942874624,176.41728201589106,Test
256.1164105553686,237.21280346938,Test
161.84271567182589,165.37298293067545,Test
216.6937096368345,235.92481350925664,Test
280.66939245039435,207.76862324683376,Test
217.6197641125056,223.8992302269979,Test
240.69482462316796,262.50977650632524,Test
234.7445739823817,223.97981887003846,Test
253.847558359232,180.03269105729038,Test
190.95218264063396,170.9366966209535,Test
225.73463412734952,198.55653704837263,Test
286.44491281937826,177.85158172155252,Test
368.18301871672065,184.28331761926313,Test
175.89895181937644,208.72913512029658,Test
91.44271212734556,203.86391066375748,Test
178.86429964062805,206.6115079880782,Test
275.7637143592241,261.27689074890793,Test
196.64095628313345,188.09651778759292,Test
157.44602541235625,192.32988462058444,Test
215.3781960319051,212.37034204276472,Test
164.3945739823817,232.7147403172546,Test
187.79279467977446,192.9623403184847,Test
110.40077652569825,221.18723560587438,Test
247.58117632172832,293.7812649880709,Test
335.0839940678647,198.8386203427173,Test
531.4592297641074,276.4972036731064,Test
130.7568834104564,232.59554598063932,Test
105.62695500691174,217.66438184810121,Test
219.81944455347346,149.29788960475958,Test
199.2843520501413,208.97139941215127,Test
158.1216774969156,181.75348542518003,Test
110.33142089379612,208.13472506573953,Test
224.963582240783,191.00989157699053,Test
135.56816153787628,172.55991891899114,Test
149.09515878507582,161.29700444194265,Test
129.04457398238162,249.54101777136248,Test
245.91736971983318,193.15985865547853,Test
272.6969768409011,212.11939159216917,Test
224.2377125835909,254.8447123161855,Test
274.1395769479027,297.7206887117766,Test
410.1525699338365,177.2311023043021,Test
198.97669154139217,237.09548389104415,Test
223.71194177056975,253.10945683626085,Test
435.0083206213694,181.28472412929432,Test
283.01582809379113,175.7405642277069,Test
187.0344641878345,195.93747952629667,Test
288.05512224078757,166.37539195692773,Test
257.2071441996969,209.50877338126816,Test
184.3445739823817,189.25947656123637,Test
334.2555706142247,196.93260678098187,Test
249.1072062804839,220.59719298819627,Test
275.6381397933423,289.0696891583251,Test
330.5483711528,201.66567417393046,Test
450.93790035885667,319.999334972773,Test
207.0548523107679,227.3572377866861,Test
264.2889956490762,241.75254226518987,Test
226.97501408812911,175.27107570861955,Test
268.0903303737812,153.1849241074534,Test
295.808856484883,135.8017005406183,Test
195.6120663103327,192.57104647648225,Test
194.4945739823817,212.4510552778823,Test
127.62172896560138,169.19557190056273,Test
125.15054946614896,185.22129201780123,Test
160.52134093382966,312.42848038050334,Test
182.6341033686435,182.31879487891842,Test
64.4242164758836,229.40716369442126,Test
188.20486277922987,171.88418200780848,Test
192.67748004970923,211.93644293126988,Test
145.74206828732184,183.42728606993,Test
128.24862749206756,215.29369791172792,Test
215.44715766394634,199.45673512902317,Test
160.58765880295834,138.02487948299157,Test
130.97013090910337,176.6186891733106,Test
166.8445739823817,219.10058826629884,Test
85.70938147340844,180.19333216470037,Test
96.35592813414213,227.6707748721571,Test
117.17537083068576,267.08767616737384,Test
176.5177095630392,182.42075643502199,Test
352.43294433120263,295.8487936990264,Test
103.82107513517593,225.6786894996834,Test
35.83210197495913,259.3225659832373,Test
248.5660248505522,117.63257820004794,Test
149.80255870916818,164.3471141393203,Test
84.35516969219114,231.1076540812031,Test
164.88067671102397,198.5388781097018,Test
78.12907976566657,173.4282765941914,Test
85.20037885611924,183.50731154074492,Test
157.7445739823817,202.37183054796085,Test
60.81947289063544,207.79047853058998,Test
61.592393874492515,226.89577645001532,Test
84.81151493876445,313.49924617068916,Test
149.0268360834511,244.71565079101916,Test
183.53835730855263,282.77201068451404,Test
74.94607861406891,213.90732659548863,Test
0.0,244.6003266869023,Test
153.3001214663459,225.31689186333278,Test
73.54644301310663,206.28837587847576,Test
171.98896464028212,178.15740640773163,Test
30.37768634787237,208.98517336936737,Test
189.46260813587747,170.83091507947287,Test
42.69373000429739,190.14480900214753,Test
22.671051953132107,188.10242354457486,Test
100.34457398238168,231.66624622412908,Test
137.73152172022316,192.7236177342703,Test
33.03714350670471,183.88482588371483,Test
108.98490097726776,212.04076120700805,Test
239.57479413191243,177.00980426711953,Test
420.25682297063827,155.29840930059817,Test
8.430987493445954,216.58999956641696,Test
56.19728770033494,228.4379074322673,Test
154.75572359130547,166.17419825911068,Test
151.50629516635772,254.29765774658313,Test
145.49900242549126,169.34372762521406,Test
73.03384536870635,202.9118550177199,Test
167.91082399600282,222.99286929840466,Test
71.02993830738095,203.23021831281915,Test
82.69118830284042,268.35111142169546,Test
132.8945739823817,246.0198837334393,Test
159.8396698035928,194.73240401386192,Test
83.95564277212155,256.9932826439389,Test
214.63075071448975,297.0073228922355,Test
201.86499363069737,196.997795027079,Test
520.2583715207443,256.65727178010434,Test
111.0608843846307,219.85359690982264,Test
90.42253222235644,241.77811349946506,Test
174.4933150339217,147.66744718167638,Test
226.42323281932636,217.58125912235107,Test
95.01228557857033,152.17804572170402,Test
154.0604733116538,249.69255022229032,Test
204.41779601857667,226.56001288690555,Test
83.68425369933898,159.23320792393585,Test
48.7598463539406,205.9763801922997,Test
149.3445739823817,179.85213021591636,Test
172.70872829310576,186.11409068852143,Test
113.21624033282727,218.1899311365708,Test
166.78507849489142,276.6660478705428,Test
206.36524277929803,246.96920040356576,Test
444.75673318604714,302.518974921166,Test
104.25954971513897,193.1359641033213,Test
13.323692366573397,238.57409859154455,Test
220.94916114035033,167.48387840903786,Test
83.83595603646997,214.45414608805876,Test
124.18407705493213,191.53564148810526,Test
98.04352419573688,209.67446113164323,Test
211.21429745888423,191.77596019776348,Test
142.7463968443741,90.21449598267706,Test
125.03982235220658,216.12778381514178,Test
118.89457398238171,213.14688775492687,Test
234.6106586036344,257.8679549487021,Test
196.10116769799492,250.9738760061399,Test
200.6676854523304,260.12292538226967,Test
250.41021186664045,176.23070649277764,Test
515.0787469409253,231.81515666195708,Test
193.52329067518468,223.40216753492163,Test
193.09040412362765,177.2805981813683,Test
128.01155221196967,193.99180136203654,Test
171.28613924610266,194.7420532389387,Test
194.63673494021037,188.27232138111387,Test
184.76333929429285,218.91180511970225,Test
157.06595230835006,192.52038398144046,Test
166.8445739823817,236.11131319183147,Test
191.58586141978486,208.71185406699718,Test
114.79074221099624,232.28925656239048,Test
161.23837444710472,220.24077746059845,Test
373.2618932540132,201.3675044999006,Test
123.73777982481293,236.6215233251821,Test
123.45641784051004,253.25236370569752,Test
290.867807301104,222.6646130073018,Test
151.37194820659516,208.84599367581143,Test
169.4188405569834,178.03229575313807,Test
82.15848435226906,199.65198191619555,Test
149.64087959245137,196.13220047278443,Test
192.66602627753116,210.36064597104303,Test
148.58392440750794,200.0881239151571,Test
136.3945739823817,187.4575200019622,Test
211.46446514159197,239.42464383236998,Test
124.47171570052379,198.3274506270383,Test
224.0759838530353,258.33871056507667,Test
244.2772695991262,247.78853965519005,Test
559.9255729387969,302.7906513860411,Test
103.87089387204719,211.81901392646563,Test
140.313232398877,245.81275954773236,Test
230.3525885192864,243.6142890484104,Test
298.7389622332755,228.91266074313938,Test
139.32235354084423,203.06351903324887,Test
221.4527624419926,216.80093241227323,Test
245.88018893672043,197.90778414140735,Test
182.50463302502786,240.3451111787196,Test
190.9945739823817,185.66889910644252,Test
257.17040008523236,196.042912790447,Test
158.9876415941803,171.91842853734448,Test
300.24040829842363,184.54749808984195,Test
308.8787001979624,164.18385491087452,Test
545.4025172927965,155.4735872580877,Test
242.26185958292584,226.77909706656777,Test
130.60672706835058,208.31381719010236,Test
221.6371197490707,206.2665379252943,Test
257.40303762508626,257.97136514991206,Test
177.70448069639718,192.8297859131819,Test
144.5914489630033,205.42880627613224,Test
326.0639424249048,214.39408183632688,Test
198.17196108210177,225.90605683058735,Test
187.8445739823817,222.82336528321196,Test
190.80003283595747,154.6738790082669,Test
82.0972445244428,174.52316571159213,Test
171.88163838334168,193.87748779997193,Test
324.3532144126542,167.18713081085832,Test
467.41197261238017,169.97262288817842,Test
133.10791298251942,202.50781609945392,Test
112.4410355230725,198.21518611678786,Test
203.46134023403886,157.65803158277103,Test
189.51882711541873,233.68610736703883,Test
180.1634961672121,164.7488358215739,Test
117.99534738941902,209.92035159268443,Test
209.86438078203946,192.4517282798823,Test
150.2205963450734,208.5243962611827,Test
102.51399407852075,243.58468777645788,Test
183.29457398238162,198.1713958459756,Test
150.06748166584885,196.44293038655667,Test
84.40643202571424,219.9867511568736,Test
170.0006767512764,263.0765998455041,Test
210.15021584253572,174.74136194252884,Test
307.75504929949176,170.98860861409318,Test
86.28059931049447,230.76907113945924,Test
365.3513158645413,203.9312214133387,Test
127.75863206972542,178.17568828428338,Test
69.59523172086296,188.3161445185452,Test
141.03431412022843,199.42857346077312,Test
43.1367968684566,179.54490018117585,Test
151.44457398238166,223.81206536737702,Test
38.19475090015739,186.35021307132274,Test
80.91281957164706,173.0935408486429,Test
137.66491969018463,262.04202681679305,Test
140.20105125577038,180.89122263827636,Test
333.17121426840407,286.71778277468434,Test
101.27540872808582,221.13014254053527,Test
73.81363463481559,237.3316956606296,Test
313.4358919885932,147.98793940459916,Test
107.19218078941896,227.01166385179386,Test
128.4825010372927,184.99517170761143,Test
96.25685273221444,226.97451856734915,Test
171.8652358741843,202.55228570476015,Test
176.8076504632021,134.49822224916136,Test
183.6445739823817,229.63167732530695,Test
241.95380787970444,207.71071078911575,Test
119.97377426327087,188.66247091696954,Test
184.59990808346083,233.46275550984086,Test
326.6322093402744,240.66948924167923,Test
400.47067803371164,237.5589765910554,Test
112.1153141637725,211.830337858446,Test
112.56611773045695,238.4567603965051,Test
275.47308873376494,244.87633827790668,Test
204.9862271736966,222.90503022415623,Test
164.65553305025173,189.99418437368362,Test
152.73100636343065,253.4216919689251,Test
184.26264711323296,216.5642086038929,Test
242.8004552996589,247.13454779638093,Test
108.19443092270856,184.39395101170328,Test
164.3945739823817,210.4272721631718,Test
